Solar Radiation File									
Wall Study 2001									
SLTEST Site									
Date:  July 2001									

Year	Month	Day	Hour	Minute	Second	Decimal Time	Rs down	Rs up	L down

1	7	19	0	0	44	0.012222222	-1.23	2.9		405.39
1	7	19	0	1	44	0.028888889	-1.24	2.8		405.52
1	7	19	0	2	44	0.045555556	-1.34	2.67	405.32
1	7	19	0	3	44	0.062222222	-1.47	2.47	405.27
1	7	19	0	4	44	0.078888889	-1.62	2.28	405.5
1	7	19	0	5	44	0.095555556	-1.74	2.12	405.44
1	7	19	0	6	44	0.112222222	-1.84	1.96	405.35
1	7	19	0	7	44	0.128888889	-1.83	1.92	405.1
1	7	19	0	8	44	0.145555556	-1.98	1.76	403.3
1	7	19	0	9	44	0.162222222	-2		1.63	398.49
1	7	19	0	10	44	0.178888889	-1.98	1.46	371.45
1	7	19	0	11	44	0.195555556	-1.81	1.47	367.52
1	7	19	0	12	44	0.212222222	-1.48	1.72	367.17
1	7	19	0	13	44	0.228888889	-1.17	1.97	371.71
1	7	19	0	14	44	0.245555556	-1.11	2		375.42
1	7	19	0	15	44	0.262222222	-1.19	1.88	388.28
1	7	19	0	16	44	0.278888889	-1.09	1.84	378.86
1	7	19	0	17	44	0.295555556	-1.15	1.76	374.64
1	7	19	0	18	44	0.312222222	-1.04	1.77	373.7
1	7	19	0	19	44	0.328888889	-1.07	1.71	376
1	7	19	0	20	44	0.345555556	-1.3	1.55	378.91
1	7	19	0	21	44	0.362222222	-1.54	1.4		380.91
1	7	19	0	22	44	0.378888889	-1.69	1.32	386.12
1	7	19	0	23	44	0.395555556	-1.62	1.29	381.67
1	7	19	0	24	44	0.412222222	-1.58	1.27	382.29
1	7	19	0	25	44	0.428888889	-1.42	1.29	380.13
1	7	19	0	26	44	0.445555556	-1.55	1.19	376.23
1	7	19	0	27	44	0.462222222	-1.65	1.13	371.13
1	7	19	0	28	44	0.478888889	-1.45	1.22	364.56
1	7	19	0	29	44	0.495555556	-1.24	1.36	363.78
1	7	19	0	30	44	0.512222222	-1.12	1.51	364.4
1	7	19	0	31	44	0.528888889	-1.02	1.65	363.15
1	7	19	0	32	44	0.545555556	-0.97	1.79	363.88
1	7	19	0	33	44	0.562222222	-1.04	1.79	359.48
1	7	19	0	34	44	0.578888889	-1.22	1.76	359.33
1	7	19	0	35	44	0.595555556	-1.4	1.67	358
1	7	19	0	36	44	0.612222222	-1.71	1.49	353.77
1	7	19	0	37	44	0.628888889	-2.13	1.2		356.04
1	7	19	0	38	44	0.645555556	-2.36	1.01	356.79
1	7	19	0	39	44	0.662222222	-2.38	0.98	351.83
1	7	19	0	40	44	0.678888889	-2.22	1.1		350.19
1	7	19	0	41	44	0.695555556	-2.01	1.23	348.95
1	7	19	0	42	44	0.712222222	-1.89	1.32	349.2
1	7	19	0	43	44	0.728888889	-1.85	1.46	350.37
1	7	19	0	44	44	0.745555556	-1.69	1.62	350.56
1	7	19	0	45	44	0.762222222	-1.37	1.85	348.43
1	7	19	0	46	44	0.778888889	-1.11	2.05	347.71
1	7	19	0	47	44	0.795555556	-0.9	2.17	346.23
1	7	19	0	48	44	0.812222222	-0.85	2.23	347.62
1	7	19	0	49	44	0.828888889	-0.94	2.17	345.35
1	7	19	0	50	44	0.845555556	-1.07	2.14	345.07
1	7	19	0	51	44	0.862222222	-1.14	2.15	343.68
1	7	19	0	52	44	0.878888889	-1.42	2.06	344.03
1	7	19	0	53	44	0.895555556	-1.63	1.92	347.84
1	7	19	0	54	44	0.912222222	-1.73	1.97	345.01
1	7	19	0	55	44	0.928888889	-1.78	1.94	344.18
1	7	19	0	56	44	0.945555556	-1.83	1.94	343.39
1	7	19	0	57	44	0.962222222	-1.84	1.92	342.35
1	7	19	0	58	44	0.978888889	-1.87	1.9		343.02
1	7	19	0	59	44	0.995555556	-1.88	1.9		341.92
1	7	19	1	0	44	1.012222222	-1.91	1.89	340.93
1	7	19	1	1	44	1.028888889	-1.97	1.86	339.84
1	7	19	1	2	44	1.045555556	-2.15	1.73	337.32
1	7	19	1	3	44	1.062222222	-2.55	1.43	333.07
1	7	19	1	4	44	1.078888889	-2.9	1.07	330.29
1	7	19	1	5	44	1.095555556	-3.05	0.89	329.53
1	7	19	1	6	44	1.112222222	-3.03	0.79	329.92
1	7	19	1	7	44	1.128888889	-2.83	0.96	328.93
1	7	19	1	8	44	1.145555556	-2.59	1.08	329.16
1	7	19	1	9	44	1.162222222	-2.4	1.21	327.13
1	7	19	1	10	44	1.178888889	-2.43	1.27	322.88
1	7	19	1	11	44	1.195555556	-2.57	1.26	320.68
1	7	19	1	12	44	1.212222222	-2.56	1.33	322.08
1	7	19	1	13	44	1.228888889	-2.39	1.52	321.73
1	7	19	1	14	44	1.245555556	-2.23	1.76	322.24
1	7	19	1	15	44	1.262222222	-2.26	1.93	320.75
1	7	19	1	16	44	1.278888889	-2.46	1.97	320.33
1	7	19	1	17	44	1.295555556	-2.72	1.9		319.75
1	7	19	1	18	44	1.312222222	-2.96	1.89	318.54
1	7	19	1	19	44	1.328888889	-3.27	1.84	315.92
1	7	19	1	20	44	1.345555556	-3.76	1.59	315.07
1	7	19	1	21	44	1.362222222	-4.09	1.34	314.3
1	7	19	1	22	44	1.378888889	-4.31	1.17	314.55
1	7	19	1	23	44	1.395555556	-4.39	1.14	315.44
1	7	19	1	24	44	1.412222222	-4.01	1.43	316.12
1	7	19	1	25	44	1.428888889	-3.51	1.81	315.92
1	7	19	1	26	44	1.445555556	-3.12	2.2		316.98
1	7	19	1	27	44	1.462222222	-2.71	2.53	317.73
1	7	19	1	28	44	1.478888889	-2.33	2.79	318.86
1	7	19	1	29	44	1.495555556	-1.88	3.09	319.38
1	7	19	1	30	44	1.512222222	-1.5	3.35	318.54
1	7	19	1	31	44	1.528888889	-1.47	3.39	315.65
1	7	19	1	32	44	1.545555556	-1.84	3.22	314.4
1	7	19	1	33	44	1.562222222	-2.27	2.98	314.2
1	7	19	1	34	44	1.578888889	-2.67	2.81	314.43
1	7	19	1	35	44	1.595555556	-2.91	2.69	314.98
1	7	19	1	36	44	1.612222222	-2.98	2.7		316.18
1	7	19	1	37	44	1.628888889	-2.79	2.85	317.19
1	7	19	1	38	44	1.645555556	-2.49	3.07	317.35
1	7	19	1	39	44	1.662222222	-2.28	3.21	316.83
1	7	19	1	40	44	1.678888889	-2.1	3.31	317.09
1	7	19	1	41	44	1.695555556	-2.07	3.34	316.4
1	7	19	1	42	44	1.712222222	-2.02	3.32	316.6
1	7	19	1	43	44	1.728888889	-1.83	3.4		317.94
1	7	19	1	44	44	1.745555556	-1.6	3.61	317.62
1	7	19	1	45	44	1.762222222	-1.47	3.8		317.45
1	7	19	1	46	44	1.778888889	-1.43	3.89	317.06
1	7	19	1	47	44	1.795555556	-1.37	3.93	316.34
1	7	19	1	48	44	1.812222222	-1.33	3.94	315.77
1	7	19	1	49	44	1.828888889	-1.32	3.88	315.82
1	7	19	1	50	44	1.845555556	-1.29	3.76	316.18
1	7	19	1	51	44	1.862222222	-1.2	3.67	316.02
1	7	19	1	52	44	1.878888889	-1.14	3.63	315.74
1	7	19	1	53	44	1.895555556	-1.2	3.46	315.53
1	7	19	1	54	44	1.912222222	-1.33	3.24	314.52
1	7	19	1	55	44	1.928888889	-1.67	2.94	314.09
1	7	19	1	56	44	1.945555556	-2		2.63	313.72
1	7	19	1	57	44	1.962222222	-2.33	2.38	313.2
1	7	19	1	58	44	1.978888889	-2.52	2.21	313.42
1	7	19	1	59	44	1.995555556	-2.52	2.22	313.31
1	7	19	2	0	44	2.012222222	-2.37	2.28	313.13
1	7	19	2	1	43	2.028611111	-2.17	2.37	312.68
1	7	19	2	2	43	2.045277778	-1.91	2.47	312.62
1	7	19	2	3	44	2.062222222	-1.62	2.54	312.01
1	7	19	2	4	43	2.078611111	-1.43	2.55	310.79
1	7	19	2	5	43	2.095277778	-1.4	2.42	310.07
1	7	19	2	6	43	2.111944444	-1.41	2.25	310.1
1	7	19	2	7	43	2.128611111	-1.4	2.2		310.67
1	7	19	2	8	43	2.145277778	-1.33	2.2		310.65
1	7	19	2	9	43	2.161944444	-1.37	2.14	310.71
1	7	19	2	10	43	2.178611111	-1.46	2.09	311.05
1	7	19	2	11	43	2.195277778	-1.57	2.06	311.89
1	7	19	2	12	43	2.211944444	-1.61	2.06	311.95
1	7	19	2	13	43	2.228611111	-1.71	2.06	312.15
1	7	19	2	14	43	2.245277778	-1.77	2.1		311.94
1	7	19	2	15	43	2.261944444	-1.87	2.15	310.27
1	7	19	2	16	43	2.278611111	-2.33	2.01	309.67
1	7	19	2	17	43	2.295277778	-2.74	1.87	310.53
1	7	19	2	18	43	2.311944444	-2.77	1.91	310.68
1	7	19	2	19	43	2.328611111	-2.51	2.09	311.8
1	7	19	2	20	43	2.345277778	-2		2.36	312.1
1	7	19	2	21	43	2.361944444	-1.6	2.58	311.63
1	7	19	2	22	43	2.378611111	-1.37	2.74	310.42
1	7	19	2	23	43	2.395277778	-1.36	2.71	310.25
1	7	19	2	24	43	2.411944444	-1.48	2.6		309.84
1	7	19	2	25	43	2.428611111	-1.62	2.5		309.63
1	7	19	2	26	43	2.445277778	-1.82	2.36	309.84
1	7	19	2	27	43	2.461944444	-1.93	2.29	310.24
1	7	19	2	28	43	2.478611111	-1.89	2.28	309.89
1	7	19	2	29	43	2.495277778	-1.84	2.32	309.78
1	7	19	2	30	43	2.511944444	-1.75	2.41	309.98
1	7	19	2	31	43	2.528611111	-1.59	2.51	310.27
1	7	19	2	32	43	2.545277778	-1.35	2.69	310.7
1	7	19	2	33	43	2.561944444	-1.13	2.87	310.58
1	7	19	2	34	43	2.578611111	-0.93	2.99	312.3
1	7	19	2	35	43	2.595277778	-0.57	3.23	312.88
1	7	19	2	36	43	2.611944444	-0.19	3.51	313.68
1	7	19	2	37	43	2.628611111	0.09	3.77	312.82
1	7	19	2	38	43	2.645277778	0.13	3.86	312.07
1	7	19	2	39	43	2.661944444	-0.01	3.71	312.23
1	7	19	2	40	43	2.678611111	-0.11	3.54	312.68
1	7	19	2	41	43	2.695277778	-0.13	3.41	311.86
1	7	19	2	42	43	2.711944444	-0.18	3.37	311.45
1	7	19	2	43	43	2.728611111	-0.37	3.23	310.77
1	7	19	2	44	43	2.745277778	-0.65	3.03	309.6
1	7	19	2	45	43	2.761944444	-0.98	2.75	308.39
1	7	19	2	46	43	2.778611111	-1.2	2.52	308.53
1	7	19	2	47	43	2.795277778	-1.18	2.47	310.96
1	7	19	2	48	43	2.811944444	-0.75	2.72	314.27
1	7	19	2	49	43	2.828611111	-0.16	3.17	314.98
1	7	19	2	50	43	2.845277778	0.23	3.37	313.34
1	7	19	2	51	43	2.861944444	0.13	3.32	311.89
1	7	19	2	52	43	2.878611111	-0.15	3.07	310.88
1	7	19	2	53	43	2.895277778	-0.47	2.8		311.22
1	7	19	2	54	43	2.911944444	-0.61	2.72	310.94
1	7	19	2	55	43	2.928611111	-0.77	2.6		310.62
1	7	19	2	56	43	2.945277778	-0.97	2.41	310.71
1	7	19	2	57	43	2.961944444	-0.98	2.36	313.59
1	7	19	2	58	43	2.978611111	-0.75	2.44	312.9
1	7	19	2	59	43	2.995277778	-0.73	2.44	311.81
1	7	19	3	0	43	3.011944444	-0.85	2.39	311.81
1	7	19	3	1	43	3.028611111	-0.95	2.34	312.1
1	7	19	3	2	43	3.045277778	-0.95	2.36	314.03
1	7	19	3	3	43	3.061944444	-0.76	2.56	313.48
1	7	19	3	4	43	3.078611111	-0.75	2.63	313.53
1	7	19	3	5	43	3.095277778	-0.72	2.69	313.51
1	7	19	3	6	43	3.111944444	-0.87	2.61	311.51
1	7	19	3	7	43	3.128611111	-1.25	2.38	311.51
1	7	19	3	8	43	3.145277778	-1.6	2.17	310.47
1	7	19	3	9	43	3.161944444	-1.87	1.99	313.11
1	7	19	3	10	43	3.178611111	-1.65	2.18	312.94
1	7	19	3	11	43	3.195277778	-1.49	2.34	311.78
1	7	19	3	12	43	3.211944444	-1.54	2.29	310.18
1	7	19	3	13	43	3.228611111	-1.68	2.1		310.67
1	7	19	3	14	43	3.245277778	-1.81	1.93	309.51
1	7	19	3	15	43	3.261944444	-1.95	1.76	309.44
1	7	19	3	16	43	3.278611111	-2.13	1.59	308.88
1	7	19	3	17	43	3.295277778	-2.07	1.6		311.1
1	7	19	3	18	43	3.311944444	-1.59	2.03	313.43
1	7	19	3	19	43	3.328611111	-0.86	2.62	313.6
1	7	19	3	20	43	3.345277778	-0.4	3.04	312.65
1	7	19	3	21	43	3.361944444	-0.28	3.12	310.85
1	7	19	3	22	43	3.378611111	-0.53	2.89	309.77
1	7	19	3	23	43	3.395277778	-0.81	2.61	310.62
1	7	19	3	24	43	3.411944444	-0.91	2.49	310.8
1	7	19	3	25	43	3.428611111	-0.88	2.49	310.99
1	7	19	3	26	43	3.445277778	-0.82	2.58	310.15
1	7	19	3	27	43	3.461944444	-0.89	2.58	310.03
1	7	19	3	28	43	3.478611111	-1.04	2.54	308.24
1	7	19	3	29	43	3.495277778	-1.26	2.43	307.72
1	7	19	3	30	43	3.511944444	-1.4	2.34	308.15
1	7	19	3	31	43	3.528611111	-1.37	2.38	308.63
1	7	19	3	32	43	3.545277778	-1.17	2.54	311.16
1	7	19	3	33	43	3.561944444	-0.69	2.93	311.8
1	7	19	3	34	43	3.578611111	-0.29	3.31	310.3
1	7	19	3	35	43	3.595277778	-0.25	3.38	309.05
1	7	19	3	36	43	3.611944444	-0.46	3.23	309.96
1	7	19	3	37	43	3.628611111	-0.59	3.02	310.07
1	7	19	3	38	43	3.645277778	-0.67	2.96	309.7
1	7	19	3	39	43	3.661944444	-0.72	2.94	309.96
1	7	19	3	40	43	3.678611111	-0.76	2.94	309.67
1	7	19	3	41	43	3.695277778	-0.89	2.87	309.95
1	7	19	3	42	43	3.711944444	-1.01	2.82	310.58
1	7	19	3	43	43	3.728611111	-1.04	2.81	309.93
1	7	19	3	44	43	3.745277778	-1.11	2.78	311.25
1	7	19	3	45	43	3.761944444	-0.93	2.87	312.75
1	7	19	3	46	43	3.778611111	-0.65	3.08	312.68
1	7	19	3	47	43	3.795277778	-0.45	3.26	313.39
1	7	19	3	48	43	3.811944444	-0.2	3.37	313.54
1	7	19	3	49	43	3.828611111	-0.05	3.36	313.82
1	7	19	3	50	43	3.845277778	0.17	3.38	312.85
1	7	19	3	51	43	3.861944444	0.14	3.26	310.97
1	7	19	3	52	43	3.878611111	-0.13	2.99	311.39
1	7	19	3	53	43	3.895277778	-0.33	2.77	311.78
1	7	19	3	54	43	3.911944444	-0.43	2.69	311.98
1	7	19	3	55	43	3.928611111	-0.46	2.68	311.49
1	7	19	3	56	43	3.945277778	-0.55	2.68	311.51
1	7	19	3	57	43	3.961944444	-0.71	2.63	311.05
1	7	19	3	58	43	3.978611111	-1.02	2.55	309.87
1	7	19	3	59	43	3.995277778	-1.43	2.36	309.26
1	7	19	4	0	43	4.011944444	-1.84	2.08	308.24
1	7	19	4	1	43	4.028611111	-2.22	1.81	308.42
1	7	19	4	2	43	4.045277778	-2.48	1.64	307.73
1	7	19	4	3	43	4.061944444	-2.58	1.54	308.44
1	7	19	4	4	43	4.078611111	-2.38	1.7		307.82
1	7	19	4	5	43	4.095277778	-2.19	1.83	307
1	7	19	4	6	43	4.111944444	-2.02	1.96	307.37
1	7	19	4	7	43	4.128611111	-1.94	2.04	306.6
1	7	19	4	8	43	4.145277778	-2		2.07	306.34
1	7	19	4	9	43	4.161944444	-2.18	2.05	305.62
1	7	19	4	10	43	4.178611111	-2.4	1.98	303.13
1	7	19	4	11	43	4.195277778	-2.38	1.79	298.64
1	7	19	4	12	43	4.211944444	-2.11	1.7		299.85
1	7	19	4	13	43	4.228611111	-1.72	1.78	300.41
1	7	19	4	14	43	4.245277778	-1.51	1.81	299.83
1	7	19	4	15	42	4.261666667	-1.55	1.79	299.37
1	7	19	4	16	43	4.278611111	-1.71	1.7		299.22
1	7	19	4	17	43	4.295277778	-1.77	1.68	297.87
1	7	19	4	18	42	4.311666667	-1.7	1.72	297.84
1	7	19	4	19	42	4.328333333	-1.75	1.73	297.95
1	7	19	4	20	42	4.345		-1.72	1.79	298
1	7	19	4	21	42	4.361666667	-1.6	1.89	298.13
1	7	19	4	22	42	4.378333333	-1.46	2.02	297.66
1	7	19	4	23	42	4.395		-1.4	2.09	296.96
1	7	19	4	24	42	4.411666667	-1.31	2.16	296.85
1	7	19	4	25	42	4.428333333	-1.24	2.22	296.35
1	7	19	4	26	42	4.445		-1.21	2.24	295.77
1	7	19	4	27	42	4.461666667	-1.24	2.22	295.14
1	7	19	4	28	42	4.478333333	-1.23	2.18	294.67
1	7	19	4	29	42	4.495		-1.26	2.15	295.09
1	7	19	4	30	42	4.511666667	-1.25	2.16	295.43
1	7	19	4	31	42	4.528333333	-1.24	2.19	294.59
1	7	19	4	32	42	4.545		-1.19	2.23	294.53
1	7	19	4	33	42	4.561666667	-1.14	2.31	294.24
1	7	19	4	34	42	4.578333333	-1.06	2.38	294.04
1	7	19	4	35	42	4.595		-0.98	2.44	294.5
1	7	19	4	36	42	4.611666667	-0.86	2.54	294.97
1	7	19	4	37	42	4.628333333	-0.75	2.66	294.85
1	7	19	4	38	42	4.645		-0.7	2.74	294.38
1	7	19	4	39	42	4.661666667	-0.72	2.77	294.08
1	7	19	4	40	42	4.678333333	-0.78	2.76	293.82
1	7	19	4	41	42	4.695		-0.81	2.71	294.04
1	7	19	4	42	42	4.711666667	-0.79	2.73	294.36
1	7	19	4	43	42	4.728333333	-0.73	2.79	294.68
1	7	19	4	44	42	4.745		-0.66	2.87	294.39
1	7	19	4	45	42	4.761666667	-0.56	2.95	294.25
1	7	19	4	46	42	4.778333333	-0.49	3.01	293.37
1	7	19	4	47	42	4.795		-0.49	2.97	292.08
1	7	19	4	48	42	4.811666667	-0.53	2.88	291.21
1	7	19	4	49	42	4.828333333	-0.59	2.8		291.72
1	7	19	4	50	42	4.845		-0.52	2.8		293.18
1	7	19	4	51	42	4.861666667	-0.33	2.95	293.38
1	7	19	4	52	42	4.878333333	-0.15	3.05	293.66
1	7	19	4	53	42	4.895		-0.09	3.1		293.61
1	7	19	4	54	42	4.911666667	-0.08	3.09	293.72
1	7	19	4	55	42	4.928333333	-0.08	3.12	292.97
1	7	19	4	56	42	4.945		-0.14	3.09	292.62
1	7	19	4	57	42	4.961666667	-0.24	3.04	292.54
1	7	19	4	58	42	4.978333333	-0.39	2.94	292.71
1	7	19	4	59	42	4.995		-0.44	2.87	293.76
1	7	19	5	0	42	5.011666667	-0.37	2.92	294.76
1	7	19	5	1	42	5.028333333	-0.26	3.04	294.62
1	7	19	5	2	42	5.045		-0.16	3.11	294.34
1	7	19	5	3	42	5.061666667	-0.21	3.09	293.73
1	7	19	5	4	42	5.078333333	-0.28	3.03	293.73
1	7	19	5	5	42	5.095		-0.36	2.98	293.44
1	7	19	5	6	42	5.111666667	-0.45	2.9		293.78
1	7	19	5	7	42	5.128333333	-0.44	2.93	294.24
1	7	19	5	8	42	5.145		-0.44	2.93	294.24
1	7	19	5	9	42	5.161666667	-0.47	2.92	294.25
1	7	19	5	10	42	5.178333333	-0.49	2.87	292.85
1	7	19	5	11	42	5.195		-0.64	2.74	290.23
1	7	19	5	12	42	5.211666667	-0.83	2.55	291.26
1	7	19	5	13	42	5.228333333	-0.89	2.49	292.57
1	7	19	5	14	42	5.245		-0.85	2.53	291.27
1	7	19	5	15	42	5.261666667	-0.85	2.56	290.77
1	7	19	5	16	42	5.278333333	-0.86	2.59	293.87
1	7	19	5	17	42	5.295		-0.82	2.69	294.38
1	7	19	5	18	42	5.311666667	-0.75	2.82	293.86
1	7	19	5	19	42	5.328333333	-0.71	2.93	293.58
1	7	19	5	20	42	5.345		-0.75	2.95	292.74
1	7	19	5	21	42	5.361666667	-0.85	2.88	292.74
1	7	19	5	22	42	5.378333333	-1		2.76	293.09
1	7	19	5	23	42	5.395		-1.11	2.62	292.22
1	7	19	5	24	42	5.411666667	-1.21	2.53	291.88
1	7	19	5	25	42	5.428333333	-1.26	2.48	291.73
1	7	19	5	26	42	5.445		-1.36	2.44	291.7
1	7	19	5	27	42	5.461666667	-1.47	2.41	291.49
1	7	19	5	28	42	5.478333333	-1.58	2.42	291.35
1	7	19	5	29	42	5.495		-1.62	2.46	291.53
1	7	19	5	30	42	5.511666667	-1.54	2.59	291.39
1	7	19	5	31	42	5.528333333	-1.41	2.74	291.65
1	7	19	5	32	42	5.545		-1.2	2.96	291.44
1	7	19	5	33	42	5.561666667	-0.99	3.14	291.13
1	7	19	5	34	42	5.578333333	-0.79	3.32	290.46
1	7	19	5	35	42	5.595		-0.58	3.39	290.43
1	7	19	5	36	42	5.611666667	-0.43	3.45	291.5
1	7	19	5	37	42	5.628333333	-0.31	3.54	291.23
1	7	19	5	38	42	5.645		-0.24	3.56	289.96
1	7	19	5	39	42	5.661666667	-0.2	3.5		289.45
1	7	19	5	40	42	5.678333333	-0.11	3.47	289.94
1	7	19	5	41	42	5.695		-0.08	3.47	290.32
1	7	19	5	42	42	5.711666667	-0.06	3.42	289.55
1	7	19	5	43	42	5.728333333	-0.12	3.3		288
1	7	19	5	44	42	5.745		-0.29	3.1		287.19
1	7	19	5	45	42	5.761666667	-0.48	2.92	286.9
1	7	19	5	46	42	5.778333333	-0.61	2.81	287.04
1	7	19	5	47	42	5.795		-0.66	2.77	286.99
1	7	19	5	48	42	5.811666667	-0.65	2.76	286.44
1	7	19	5	49	42	5.828333333	-0.69	2.73	287.02
1	7	19	5	50	42	5.845		-0.58	2.77	287.86
1	7	19	5	51	42	5.861666667	-0.46	2.83	287.68
1	7	19	5	52	42	5.878333333	-0.37	2.9		287.76
1	7	19	5	53	42	5.895		-0.29	2.94	288
1	7	19	5	54	42	5.911666667	-0.23	2.96	287.89
1	7	19	5	55	42	5.928333333	-0.19	3		288.2
1	7	19	5	56	42	5.945		-0.15	3.04	288.49
1	7	19	5	57	42	5.961666667	-0.11	3.1		288.8
1	7	19	5	58	42	5.978333333	0		3.18	289.18
1	7	19	5	59	42	5.995		0.12	3.26	289.82
1	7	19	6	0	42	6.011666667	0.3		3.39	289.84
1	7	19	6	1	42	6.028333333	0.4		3.48	289.09
1	7	19	6	2	42	6.045		0.43	3.48	288.67
1	7	19	6	3	42	6.061666667	0.37	3.43	288.02
1	7	19	6	4	42	6.078333333	0.34	3.37	288.02
1	7	19	6	5	42	6.095		0.34	3.36	288.48
1	7	19	6	6	42	6.111666667	0.41	3.38	287.8
1	7	19	6	7	42	6.128333333	0.38	3.39	287.15
1	7	19	6	8	42	6.145		0.31	3.36	287.16
1	7	19	6	9	42	6.161666667	0.3		3.29	287.25
1	7	19	6	10	42	6.178333333	0.37	3.34	287.79
1	7	19	6	11	42	6.195		0.61	3.5		288.05
1	7	19	6	12	42	6.211666667	0.97	3.75	288.37
1	7	19	6	13	42	6.228333333	1.37	4		287.86
1	7	19	6	14	42	6.245		1.76	4.24	287.83
1	7	19	6	15	42	6.261666667	2.1		4.49	287.57
1	7	19	6	16	42	6.278333333	2.39	4.59	286.55
1	7	19	6	17	42	6.295		2.62	4.59	286.58
1	7	19	6	18	42	6.311666667	2.9		4.61	286.23
1	7	19	6	19	42	6.328333333	3.24	4.61	286.03
1	7	19	6	20	42	6.345		3.58	4.65	285.92
1	7	19	6	21	42	6.361666667	3.93	4.71	285.85
1	7	19	6	22	42	6.378333333	4.42	4.83	286.63
1	7	19	6	23	42	6.395		5.11	5.08	287.64
1	7	19	6	24	42	6.411666667	5.89	5.37	288.31
1	7	19	6	25	42	6.428333333	6.67	5.63	287.96
1	7	19	6	26	42	6.445		7.38	5.77	287.67
1	7	19	6	27	42	6.461666667	7.98	5.8		287.71
1	7	19	6	28	42	6.478333333	8.61	5.87	287.86
1	7	19	6	29	42	6.495		9.29	5.97	287.27
1	7	19	6	30	42	6.511666667	10.38	6.12	286.55
1	7	19	6	31	42	6.528333333	14.14	6.77	287.31
1	7	19	6	32	41	6.544722222	18.37	7.53	287.39
1	7	19	6	33	42	6.561666667	20.54	7.81	287.38
1	7	19	6	34	42	6.578333333	22.35	8.11	287.94
1	7	19	6	35	41	6.594722222	24.1	8.48	287.85
1	7	19	6	36	41	6.611388889	25.81	8.91	286.92
1	7	19	6	37	42	6.628333333	27.38	9.39	286.96
1	7	19	6	38	41	6.644722222	28.93	9.91	286.64
1	7	19	6	39	41	6.661388889	30.65	10.56	286.26
1	7	19	6	40	41	6.678055556	32.29	11.18	285.91
1	7	19	6	41	41	6.694722222	33.9	11.77	286.12
1	7	19	6	42	41	6.711388889	35.62	12.4	286.52
1	7	19	6	43	41	6.728055556	37.3	13.02	286.53
1	7	19	6	44	41	6.744722222	39.1	13.7	286.49
1	7	19	6	45	41	6.761388889	40.77	14.41	286.53
1	7	19	6	46	41	6.778055556	42.5	15.17	286.37
1	7	19	6	47	41	6.794722222	44.15	15.85	286.15
1	7	19	6	48	41	6.811388889	46.06	16.55	284.82
1	7	19	6	49	41	6.828055556	48.16	17.16	283.98
1	7	19	6	50	41	6.844722222	50.07	17.64	284.58
1	7	19	6	51	41	6.861388889	52.01	18.21	285.65
1	7	19	6	52	41	6.878055556	53.99	18.87	286.35
1	7	19	6	53	41	6.894722222	56.15	19.62	286.78
1	7	19	6	54	41	6.911388889	58.37	20.39	286.86
1	7	19	6	55	41	6.928055556	60.82	21.21	287.01
1	7	19	6	56	41	6.944722222	63.66	22.01	287.31
1	7	19	6	57	41	6.961388889	66.72	22.83	287.97
1	7	19	6	58	41	6.978055556	70.07	23.71	288.55
1	7	19	6	59	41	6.994722222	73.63	24.54	288.8
1	7	19	7	0	41	7.011388889	77.42	25.4	288.92
1	7	19	7	1	41	7.028055556	81.27	26.19	290.46
1	7	19	7	2	41	7.044722222	85.3	26.99	290.88
1	7	19	7	3	41	7.061388889	89.36	27.84	290.78
1	7	19	7	4	41	7.078055556	93.61	28.72	291.2
1	7	19	7	5	41	7.094722222	97.45	29.54	291.36
1	7	19	7	6	41	7.111388889	100.71	30.22	291.46
1	7	19	7	7	41	7.128055556	104.11	31.03	291.84
1	7	19	7	8	41	7.144722222	107.19	31.78	292.42
1	7	19	7	9	41	7.161388889	110.1	32.54	293.21
1	7	19	7	10	41	7.178055556	113.18	33.4	293.72
1	7	19	7	11	41	7.194722222	116.32	34.23	294.1
1	7	19	7	12	41	7.211388889	119.38	35.13	294.83
1	7	19	7	13	41	7.228055556	122.37	36.05	295.44
1	7	19	7	14	41	7.244722222	125.4	37		295.95
1	7	19	7	15	41	7.261388889	128.71	38.02	296.5
1	7	19	7	16	41	7.278055556	132.24	39.03	296.77
1	7	19	7	17	41	7.294722222	135.95	40.09	297.29
1	7	19	7	18	41	7.311388889	139.44	41.06	297.42
1	7	19	7	19	41	7.328055556	142.63	41.94	297.81
1	7	19	7	20	41	7.344722222	145.78	42.77	298.23
1	7	19	7	21	41	7.361388889	148.9	43.63	298.52
1	7	19	7	22	41	7.378055556	151.95	44.45	298.9
1	7	19	7	23	41	7.394722222	155.16	45.32	299.42
1	7	19	7	24	41	7.411388889	157.98	46.06	299.68
1	7	19	7	25	41	7.428055556	160.88	46.8	299.71
1	7	19	7	26	41	7.444722222	163.69	47.54	300.26
1	7	19	7	27	41	7.461388889	166.43	48.29	300.72
1	7	19	7	28	41	7.478055556	168.84	48.98	300.9
1	7	19	7	29	41	7.494722222	171.58	49.74	300.92
1	7	19	7	30	41	7.511388889	174.36	50.58	301.45
1	7	19	7	31	41	7.528055556	177.3	51.45	302.43
1	7	19	7	32	41	7.544722222	180.32	52.38	302.75
1	7	19	7	33	41	7.561388889	183.03	53.21	302.99
1	7	19	7	34	41	7.578055556	185.74	54.05	302.78
1	7	19	7	35	41	7.594722222	188.73	54.91	303.09
1	7	19	7	36	41	7.611388889	191.7	55.81	303.68
1	7	19	7	37	41	7.628055556	195.18	56.91	303.91
1	7	19	7	38	41	7.644722222	198.54	58.08	304.25
1	7	19	7	39	41	7.661388889	201.62	59.15	305.38
1	7	19	7	40	41	7.678055556	204.69	60.26	306.2
1	7	19	7	41	41	7.694722222	207.72	61.33	306.53
1	7	19	7	42	41	7.711388889	210.54	62.35	306.72
1	7	19	7	43	41	7.728055556	213.12	63.24	307.2
1	7	19	7	44	41	7.744722222	215.86	64.14	307.18
1	7	19	7	45	41	7.761388889	218.91	65.1	307.37
1	7	19	7	46	41	7.778055556	222.18	66.1	308.1
1	7	19	7	47	41	7.794722222	225.41	67.11	308.51
1	7	19	7	48	41	7.811388889	228.68	68.04	309.32
1	7	19	7	49	41	7.828055556	231.83	68.93	309.83
1	7	19	7	50	41	7.844722222	235.27	69.98	310.74
1	7	19	7	51	41	7.861388889	239.04	71.17	310.82
1	7	19	7	52	41	7.878055556	243		72.42	311.02
1	7	19	7	53	41	7.894722222	246.95	73.6	311.29
1	7	19	7	54	41	7.911388889	250.89	74.75	311.45
1	7	19	7	55	41	7.928055556	254.96	75.93	311.84
1	7	19	7	56	41	7.944722222	258.69	77.05	312.09
1	7	19	7	57	41	7.961388889	262.15	78.17	312.13
1	7	19	7	58	41	7.978055556	265.54	79.29	312.55
1	7	19	7	59	41	7.994722222	268.53	80.3	313.07
1	7	19	8	0	41	8.011388889	271.84	81.55	313.71
1	7	19	8	1	41	8.028055556	274.56	82.6	313.92
1	7	19	8	2	41	8.044722222	277.28	83.67	314.11
1	7	19	8	3	41	8.061388889	280.16	84.77	314.34
1	7	19	8	4	41	8.078055556	283.2	85.81	314.7
1	7	19	8	5	41	8.094722222	286.45	86.87	314.73
1	7	19	8	6	41	8.111388889	289.87	87.82	314.66
1	7	19	8	7	41	8.128055556	293.48	88.69	314.3
1	7	19	8	8	41	8.144722222	297.58	89.53	314.41
1	7	19	8	9	41	8.161388889	301.97	90.46	315.15
1	7	19	8	10	41	8.178055556	306.74	91.45	315.25
1	7	19	8	11	41	8.194722222	311.68	92.46	315.02
1	7	19	8	12	41	8.211388889	316.87	93.5	315.21
1	7	19	8	13	41	8.228055556	322.26	94.54	314.37
1	7	19	8	14	41	8.244722222	327.49	95.44	313.46
1	7	19	8	15	41	8.261388889	332.66	96.46	314.15
1	7	19	8	16	41	8.278055556	337.66	97.61	315.07
1	7	19	8	17	41	8.294722222	342.81	98.89	315.56
1	7	19	8	18	41	8.311388889	347.38	100.04	316.12
1	7	19	8	19	41	8.328055556	351.64	101.08	315.77
1	7	19	8	20	41	8.344722222	355.28	101.95	315.07
1	7	19	8	21	41	8.361388889	359.04	102.88	316.22
1	7	19	8	22	41	8.378055556	362.46	103.88	316.22
1	7	19	8	23	41	8.394722222	366.05	105.01	316.63
1	7	19	8	24	41	8.411388889	369.51	106.13	317.09
1	7	19	8	25	41	8.428055556	372.85	107.19	318.02
1	7	19	8	26	41	8.444722222	375.92	108.21	318.35
1	7	19	8	27	41	8.461388889	378.98	109.16	317.56
1	7	19	8	28	41	8.478055556	382.14	110.11	317.59
1	7	19	8	29	41	8.494722222	385.42	111.06	318.54
1	7	19	8	30	41	8.511388889	388.76	112.1	318.94
1	7	19	8	31	41	8.528055556	392.07	113.18	318.92
1	7	19	8	32	41	8.544722222	395.41	114.36	319.44
1	7	19	8	33	41	8.561388889	398.74	115.38	319.16
1	7	19	8	34	41	8.578055556	401.93	116.36	318.6
1	7	19	8	35	41	8.594722222	405.06	117.31	318.89
1	7	19	8	36	41	8.611388889	407.99	118.11	320.53
1	7	19	8	37	41	8.628055556	411.02	118.99	321.14
1	7	19	8	38	41	8.644722222	414.2	120.02	321.26
1	7	19	8	39	41	8.661388889	417.49	121.07	321.82
1	7	19	8	40	41	8.678055556	420.69	122.11	322.28
1	7	19	8	41	41	8.694722222	424.12	123.2	322.28
1	7	19	8	42	41	8.711388889	427.54	124.2	322.37
1	7	19	8	43	41	8.728055556	430.84	125.18	321.11
1	7	19	8	44	41	8.744722222	434.1	126.14	322.1
1	7	19	8	45	41	8.761388889	437.23	127.05	322.85
1	7	19	8	46	41	8.778055556	440.05	127.9	323.98
1	7	19	8	47	41	8.794722222	443.06	128.73	324.06
1	7	19	8	48	41	8.811388889	446.4	129.76	325.23
1	7	19	8	49	40	8.827777778	449.29	130.69	326.24
1	7	19	8	50	41	8.844722222	452.25	131.56	326.91
1	7	19	8	51	40	8.861111111	455.09	132.42	326.73
1	7	19	8	52	40	8.877777778	458.05	133.27	326.04
1	7	19	8	53	41	8.894722222	461.22	134.14	327.91
1	7	19	8	54	40	8.911111111	464.14	134.91	328.82
1	7	19	8	55	40	8.927777778	467.14	135.65	330.54
1	7	19	8	56	40	8.944444444	470.03	136.38	330.57
1	7	19	8	57	40	8.961111111	472.9	137.09	331.36
1	7	19	8	58	40	8.977777778	475.94	137.94	332.54
1	7	19	8	59	40	8.994444444	478.91	138.56	335.07
1	7	19	9	0	40	9.011111111	481.86	139.21	336.92
1	7	19	9	1	40	9.027777778	484.77	140.01	337.37
1	7	19	9	2	40	9.044444444	487.62	140.78	336.24
1	7	19	9	3	40	9.061111111	491.14	141.62	333.5
1	7	19	9	4	40	9.077777778	494.53	142.48	333.24
1	7	19	9	5	40	9.094444444	498.05	143.32	334.95
1	7	19	9	6	40	9.111111111	501.28	144.1	336.71
1	7	19	9	7	40	9.127777778	504.5	144.96	334.66
1	7	19	9	8	40	9.144444444	508.71	146.12	332.74
1	7	19	9	9	40	9.161111111	512.49	147.05	334.17
1	7	19	9	10	40	9.177777778	515.93	147.86	337.05
1	7	19	9	11	40	9.194444444	519.25	148.65	337.08
1	7	19	9	12	40	9.211111111	522.44	149.44	339.23
1	7	19	9	13	40	9.227777778	525.66	150.28	340.82
1	7	19	9	14	40	9.244444444	528.39	151.17	342.67
1	7	19	9	15	40	9.261111111	531.32	152.15	341.52
1	7	19	9	16	40	9.277777778	534.31	153.09	342.59
1	7	19	9	17	40	9.294444444	537.19	153.86	345.24
1	7	19	9	18	40	9.311111111	540		154.65	342.73
1	7	19	9	19	40	9.327777778	543.31	155.37	344.46
1	7	19	9	20	40	9.344444444	546.28	156.14	346.6
1	7	19	9	21	40	9.361111111	549.25	156.91	345.19
1	7	19	9	22	40	9.377777778	552.45	157.78	343.69
1	7	19	9	23	40	9.394444444	556.03	158.67	341.37
1	7	19	9	24	40	9.411111111	560.13	159.62	339.17
1	7	19	9	25	40	9.427777778	564.05	160.6	343.02
1	7	19	9	26	40	9.444444444	567.55	161.67	343.62
1	7	19	9	27	40	9.461111111	570.7	162.77	345.88
1	7	19	9	28	40	9.477777778	573.49	163.7	349.01
1	7	19	9	29	40	9.494444444	576.41	164.61	348.07
1	7	19	9	30	40	9.511111111	579.27	165.51	348.94
1	7	19	9	31	40	9.527777778	582.01	166.37	348.13
1	7	19	9	32	40	9.544444444	585.18	167.31	346.12
1	7	19	9	33	40	9.561111111	588.41	168.13	346.35
1	7	19	9	34	40	9.577777778	591.78	168.97	347.84
1	7	19	9	35	40	9.594444444	595.16	169.83	348.25
1	7	19	9	36	40	9.611111111	598.24	170.49	348.31
1	7	19	9	37	40	9.627777778	601.17	171.17	348.62
1	7	19	9	38	40	9.644444444	604.02	171.97	350.16
1	7	19	9	39	40	9.661111111	606.84	172.85	350.6
1	7	19	9	40	40	9.677777778	609.91	173.83	352.24
1	7	19	9	41	40	9.694444444	613.15	174.78	351.78
1	7	19	9	42	40	9.711111111	616.38	175.72	350.95
1	7	19	9	43	40	9.727777778	619.97	176.76	351.55
1	7	19	9	44	40	9.744444444	623.63	177.8	351.03
1	7	19	9	45	40	9.761111111	627.4	178.94	351.05
1	7	19	9	46	40	9.777777778	630.93	180		352.51
1	7	19	9	47	40	9.794444444	634.64	181		347.81
1	7	19	9	48	40	9.811111111	638.38	181.99	351.28
1	7	19	9	49	40	9.827777778	641.7	182.9	353.54
1	7	19	9	50	40	9.844444444	644.49	183.76	354.45
1	7	19	9	51	40	9.861111111	647.39	184.54	353.43
1	7	19	9	52	40	9.877777778	650.95	185.37	355.78
1	7	19	9	53	40	9.894444444	654.2	186.24	354.12
1	7	19	9	54	40	9.911111111	657.36	187.26	352.15
1	7	19	9	55	40	9.927777778	660.56	188.14	350.82
1	7	19	9	56	40	9.944444444	663.44	188.89	353.92
1	7	19	9	57	40	9.961111111	666.45	189.67	355.89
1	7	19	9	58	40	9.977777778	669.35	190.53	355.48
1	7	19	9	59	40	9.994444444	672.46	191.51	354.79
1	7	19	10	0	40	10.01111111	675.89	192.6	353.28
1	7	19	10	1	40	10.02777778	679.38	193.58	354.3
1	7	19	10	2	40	10.04444444	682.84	194.63	351.67
1	7	19	10	3	40	10.06111111	686.1	195.43	354.18
1	7	19	10	4	40	10.07777778	688.59	196.08	356.15
1	7	19	10	5	40	10.09444444	691.37	196.85	352.8
1	7	19	10	6	40	10.11111111	693.98	197.63	356.36
1	7	19	10	7	40	10.12777778	696.85	198.49	354.06
1	7	19	10	8	40	10.14444444	700.1	199.5	355.91
1	7	19	10	9	40	10.16111111	703.02	200.45	357.48
1	7	19	10	10	40	10.17777778	705.5	201.51	358.57
1	7	19	10	11	40	10.19444444	707.7	202.47	357.53
1	7	19	10	12	40	10.21111111	710.24	203.43	359.01
1	7	19	10	13	40	10.22777778	712.96	204.46	355.92
1	7	19	10	14	40	10.24444444	715.86	205.45	356.69
1	7	19	10	15	40	10.26111111	718.93	206.42	353.22
1	7	19	10	16	40	10.27777778	722.44	207.38	355.52
1	7	19	10	17	40	10.29444444	725.53	208.41	356.72
1	7	19	10	18	40	10.31111111	728.2	209.5	358.79
1	7	19	10	19	40	10.32777778	730.63	210.54	357.83
1	7	19	10	20	40	10.34444444	733.53	211.61	358.12
1	7	19	10	21	40	10.36111111	736		212.56	360
1	7	19	10	22	40	10.37777778	739.44	213.84	356.46
1	7	19	10	23	40	10.39444444	743.09	215.04	352.28
1	7	19	10	24	40	10.41111111	746.16	215.96	352.82
1	7	19	10	25	40	10.42777778	749.57	216.85	352.1
1	7	19	10	26	40	10.44444444	752.63	217.67	351.24
1	7	19	10	27	40	10.46111111	756.16	218.68	350.24
1	7	19	10	28	40	10.47777778	759.6	219.72	352.93
1	7	19	10	29	40	10.49444444	763		220.83	350.1
1	7	19	10	30	40	10.51111111	765.99	221.81	354.97
1	7	19	10	31	40	10.52777778	769.05	222.92	354.18
1	7	19	10	32	40	10.54444444	772.53	224.12	351.64
1	7	19	10	33	40	10.56111111	776.15	225.18	350.1
1	7	19	10	34	40	10.57777778	778.91	225.97	353.57
1	7	19	10	35	40	10.59444444	781.73	226.9	353.35
1	7	19	10	36	40	10.61111111	785.13	228.09	353.06
1	7	19	10	37	40	10.62777778	789.07	229.36	352.76
1	7	19	10	38	40	10.64444444	791.96	230.2	356.92
1	7	19	10	39	40	10.66111111	794.53	231.1	357.05
1	7	19	10	40	40	10.67777778	797.33	232.05	353.06
1	7	19	10	41	40	10.69444444	800.16	232.83	354.99
1	7	19	10	42	40	10.71111111	802.83	233.41	354.9
1	7	19	10	43	40	10.72777778	805.31	233.94	357.01
1	7	19	10	44	40	10.74444444	807.51	234.68	358.4
1	7	19	10	45	40	10.76111111	811.09	235.9	355.55
1	7	19	10	46	40	10.77777778	814.24	236.83	354.44
1	7	19	10	47	40	10.79444444	816.93	237.64	357.08
1	7	19	10	48	40	10.81111111	819.91	238.67	356.18
1	7	19	10	49	40	10.82777778	822.83	239.57	356.27
1	7	19	10	50	40	10.84444444	825.33	240.34	359.16
1	7	19	10	51	40	10.86111111	828.73	241.56	355.33
1	7	19	10	52	40	10.87777778	831.81	242.49	357.51
1	7	19	10	53	40	10.89444444	834.5	243.29	359.51
1	7	19	10	54	40	10.91111111	837.33	244.23	358.52
1	7	19	10	55	40	10.92777778	840.08	245.12	356.82
1	7	19	10	56	40	10.94444444	842.65	245.89	356.32
1	7	19	10	57	40	10.96111111	845.15	246.61	357.36
1	7	19	10	58	40	10.97777778	847.71	247.39	357.28
1	7	19	10	59	40	10.99444444	850.03	248.11	358.37
1	7	19	11	0	40	11.01111111	852.18	248.91	358.35
1	7	19	11	1	40	11.02777778	854.51	249.7	363.23
1	7	19	11	2	40	11.04444444	857.06	250.65	359.83
1	7	19	11	3	40	11.06111111	859.53	251.4	359.31
1	7	19	11	4	40	11.07777778	862.38	252.17	358.35
1	7	19	11	5	40	11.09444444	864.98	252.9	359.59
1	7	19	11	6	40	11.11111111	867.49	253.65	363.36
1	7	19	11	7	40	11.12777778	870.24	254.52	359.51
1	7	19	11	8	40	11.14444444	872.23	255.11	360.83
1	7	19	11	9	39	11.16083333	874.04	255.58	363.64
1	7	19	11	10	40	11.17777778	876.01	256.29	365.17
1	7	19	11	11	39	11.19416667	877.93	256.88	365.31
1	7	19	11	12	39	11.21083333	880.2	257.58	361.78
1	7	19	11	13	39	11.2275		883.01	258.38	361.3
1	7	19	11	14	39	11.24416667	885.31	258.93	362.97
1	7	19	11	15	39	11.26083333	887.57	259.55	362.84
1	7	19	11	16	39	11.2775		889.99	260.25	361.97
1	7	19	11	17	39	11.29416667	892.52	261.02	361.61
1	7	19	11	18	39	11.31083333	894.7	261.76	366.6
1	7	19	11	19	39	11.3275		896.66	262.46	363.75
1	7	19	11	20	39	11.34416667	899.07	263.23	363.49
1	7	19	11	21	39	11.36083333	901.41	263.95	366.83
1	7	19	11	22	39	11.3775		903.34	264.6	367.38
1	7	19	11	23	39	11.39416667	905.56	265.17	365.32
1	7	19	11	24	39	11.41083333	907.62	265.59	366.33
1	7	19	11	25	39	11.4275		909.58	266.16	370.87
1	7	19	11	26	39	11.44416667	912.18	267.27	367.12
1	7	19	11	27	39	11.46083333	914.49	267.96	366.28
1	7	19	11	28	39	11.4775		916.88	268.58	368.93
1	7	19	11	29	39	11.49416667	918.14	269.02	373.64
1	7	19	11	30	39	11.51083333	919.97	269.81	370.01
1	7	19	11	31	39	11.5275		922.88	270.66	363.99
1	7	19	11	32	39	11.54416667	925.49	271.09	364.28
1	7	19	11	33	39	11.56083333	927.59	271.55	367.2
1	7	19	11	34	39	11.5775		929.55	272.15	369.07
1	7	19	11	35	39	11.59416667	930.88	272.69	370.76
1	7	19	11	36	39	11.61083333	932.67	273.43	371.42
1	7	19	11	37	39	11.6275		933.69	273.91	375.68
1	7	19	11	38	39	11.64416667	935.03	274.52	373.94
1	7	19	11	39	39	11.66083333	936.41	274.95	372.24
1	7	19	11	40	39	11.6775		938.79	275.49	366.01
1	7	19	11	41	39	11.69416667	941.03	275.75	367.54
1	7	19	11	42	39	11.71083333	943.07	276.2	371.16
1	7	19	11	43	39	11.7275		944.94	276.95	374.9
1	7	19	11	44	39	11.74416667	946.04	277.75	377.32
1	7	19	11	45	39	11.76083333	947.39	278.56	375.32
1	7	19	11	46	39	11.7775		949		279.39	377.26
1	7	19	11	47	39	11.79416667	950.6	280.04	376.43
1	7	19	11	48	39	11.81083333	951.63	280.47	378.76
1	7	19	11	49	39	11.8275		952.64	280.77	376.57
1	7	19	11	50	39	11.84416667	954.55	281.12	372.17
1	7	19	11	51	39	11.86083333	956.84	281.45	376.05
1	7	19	11	52	39	11.8775		958.65	282.1	377.35
1	7	19	11	53	39	11.89416667	960.26	282.62	375.09
1	7	19	11	54	39	11.91083333	961.69	282.91	373.62
1	7	19	11	55	39	11.9275		963.42	283.22	376.65
1	7	19	11	56	39	11.94416667	964.92	283.74	377.87
1	7	19	11	57	39	11.96083333	965.99	284.23	378.53
1	7	19	11	58	39	11.9775		967.98	284.99	378.62
1	7	19	11	59	39	11.99416667	969.8	285.76	376.51
1	7	19	12	0	39	12.01083333	971.22	285.98	375.1
1	7	19	12	1	39	12.0275		972.59	286.14	375.84
1	7	19	12	2	39	12.04416667	974.33	286.4	371.19
1	7	19	12	3	39	12.06083333	976.51	286.57	374.09
1	7	19	12	4	39	12.0775		977.37	286.74	378.36
1	7	19	12	5	39	12.09416667	978.21	287.19	379.03
1	7	19	12	6	39	12.11083333	979.32	287.67	376.62
1	7	19	12	7	39	12.1275		980.49	288.14	377.35
1	7	19	12	8	39	12.14416667	981.78	288.53	378.77
1	7	19	12	9	39	12.16083333	983.49	289.08	376.63
1	7	19	12	10	39	12.1775		984.54	289.37	377.91
1	7	19	12	11	39	12.19416667	985.46	289.66	380.01
1	7	19	12	12	39	12.21083333	986.1	289.91	379.9
1	7	19	12	13	39	12.2275		987.45	290.41	381.54
1	7	19	12	14	39	12.24416667	989.18	291.05	375.7
1	7	19	12	15	39	12.26083333	991.04	291.5	377.59
1	7	19	12	16	39	12.2775		992.45	291.95	377.96
1	7	19	12	17	39	12.29416667	993.81	292.33	377.15
1	7	19	12	18	39	12.31083333	995.44	292.74	374.78
1	7	19	12	19	39	12.3275		997.02	293.29	379.73
1	7	19	12	20	39	12.34416667	997.55	293.7	380.28
1	7	19	12	21	39	12.36083333	998.38	294.12	380.41
1	7	19	12	22	39	12.3775		999.35	294.56	378.65
1	7	19	12	23	39	12.39416667	1000.33	294.81	383.75
1	7	19	12	24	39	12.41083333	1001.06	295.28	381.98
1	7	19	12	25	39	12.4275		1002.13	295.78	382.42
1	7	19	12	26	39	12.44416667	1003.68	296.44	378.65
1	7	19	12	27	39	12.46083333	1004.79	296.68	379.27
1	7	19	12	28	39	12.4775		1005.44	296.71	383.49
1	7	19	12	29	39	12.49416667	1005.49	296.86	385.6
1	7	19	12	30	39	12.51083333	1006.15	297.09	382.16
1	7	19	12	31	39	12.5275		1007.19	297.25	385.69
1	7	19	12	32	39	12.54416667	1008.8	297.83	378.85
1	7	19	12	33	39	12.56083333	1011.04	298.3	378.11
1	7	19	12	34	39	12.5775		1012.68	298.79	382.62
1	7	19	12	35	39	12.59416667	1013.68	299.43	386.98
1	7	19	12	36	39	12.61083333	1014.01	299.94	384.75
1	7	19	12	37	39	12.6275		1014.67	300.29	382.81
1	7	19	12	38	39	12.64416667	1015.37	300.5	387.3
1	7	19	12	39	39	12.66083333	1015.75	300.88	384.26
1	7	19	12	40	39	12.6775		1017.04	301.32	382.56
1	7	19	12	41	39	12.69416667	1018.16	301.71	382.29
1	7	19	12	42	39	12.71083333	1018.34	301.7	382.64
1	7	19	12	43	39	12.7275		1018.93	301.76	383.4
1	7	19	12	44	39	12.74416667	1019.03	301.8	387.27
1	7	19	12	45	39	12.76083333	1019.11	302.1	387.83
1	7	19	12	46	39	12.7775		1019.32	302.44	388.17
1	7	19	12	47	39	12.79416667	1019.71	302.87	390.54
1	7	19	12	48	39	12.81083333	1019.76	303.5	393.75
1	7	19	12	49	39	12.8275		1019.88	304.1	386.99
1	7	19	12	50	39	12.84416667	1020.74	304.19	383.23
1	7	19	12	51	39	12.86083333	1021.71	303.97	386.79
1	7	19	12	52	39	12.8775		1022.41	304.04	389.9
1	7	19	12	53	39	12.89416667	1023.08	304.42	389.82
1	7	19	12	54	39	12.91083333	1022.92	304.54	391.68
1	7	19	12	55	39	12.9275		1022.95	304.9	389.41
1	7	19	12	56	39	12.94416667	1023.22	305.17	390.94
1	7	19	12	57	39	12.96083333	1023.93	305.45	389.96
1	7	19	12	58	39	12.9775		1023.95	305.43	386.84
1	7	19	12	59	39	12.99416667	1024.14	305.4	388.12
1	7	19	13	0	39	13.01083333	1023.96	305.6	394.22
1	7	19	13	1	39	13.0275		1023.69	305.96	395.37
1	7	19	13	2	39	13.04416667	1023.31	306.55	398.17
1	7	19	13	3	39	13.06083333	1022.71	307.04	395.83
1	7	19	13	4	39	13.0775		1021.48	306.9	397.78
1	7	19	13	5	39	13.09416667	1021.56	307.05	394.45
1	7	19	13	6	39	13.11083333	1022.32	307.23	393.58
1	7	19	13	7	39	13.1275		1023.48	307.36	391.72
1	7	19	13	8	39	13.14416667	1024.28	307.6	396.77
1	7	19	13	9	39	13.16083333	1024.51	308.12	396.58
1	7	19	13	10	39	13.1775		1025.52	308.84	393.86
1	7	19	13	11	39	13.19416667	1026.8	309.15	386.5
1	7	19	13	12	39	13.21083333	1027.87	309.11	389.64
1	7	19	13	13	39	13.2275		1028.63	309.27	386.4
1	7	19	13	14	39	13.24416667	1028.89	309.2	385.11
1	7	19	13	15	39	13.26083333	1029.5	309.18	383.51
1	7	19	13	16	39	13.2775		1029.12	308.96	386.18
1	7	19	13	17	39	13.29416667	1027.95	308.93	387.51
1	7	19	13	18	39	13.31083333	1027.84	309.05	381.29
1	7	19	13	19	39	13.3275		1027.25	308.74	382.97
1	7	19	13	20	39	13.34416667	1025.68	308.22	383.17
1	7	19	13	21	39	13.36083333	1025.36	308.51	388.46
1	7	19	13	22	38	13.37722222	1024.75	309.09	388.92
1	7	19	13	23	38	13.39388889	1025.1	309.74	387.51
1	7	19	13	24	39	13.41083333	1026.18	310.48	388.15
1	7	19	13	25	38	13.42722222	1027.5	311.22	387.1
1	7	19	13	26	38	13.44388889	1027.71	311.39	387.42
1	7	19	13	27	38	13.46055556	1028.41	311.7	384.82
1	7	19	13	28	38	13.47722222	1027.97	311.5	386.34
1	7	19	13	29	38	13.49388889	1026.3	311.11	387.1
1	7	19	13	30	38	13.51055556	1026.14	311.3	392.39
1	7	19	13	31	38	13.52722222	1026.16	312.01	391.75
1	7	19	13	32	38	13.54388889	1025.22	312.12	389.76
1	7	19	13	33	38	13.56055556	1025.14	312.29	390.81
1	7	19	13	34	38	13.57722222	1025.64	312.5	386.99
1	7	19	13	35	38	13.59388889	1025.24	312.12	388.87
1	7	19	13	36	38	13.61055556	1023.91	311.85	391.47
1	7	19	13	37	38	13.62722222	1024.46	312.12	385.91
1	7	19	13	38	38	13.64388889	1024.59	312.15	388.9
1	7	19	13	39	38	13.66055556	1022.56	311.64	390.98
1	7	19	13	40	38	13.67722222	1020.45	311.21	391.59
1	7	19	13	41	38	13.69388889	1018.83	310.89	393.55
1	7	19	13	42	38	13.71055556	1019.49	311.73	398.39
1	7	19	13	43	38	13.72722222	1017.9	312.15	403.9
1	7	19	13	44	38	13.74388889	1017.12	312.81	401.51
1	7	19	13	45	38	13.76055556	1017.53	313.21	396.36
1	7	19	13	46	38	13.77722222	1017.83	312.87	391.06
1	7	19	13	47	38	13.79388889	1017.68	312.13	393
1	7	19	13	48	38	13.81055556	1018.22	311.6	388.18
1	7	19	13	49	38	13.82722222	1019.01	311.17	388.69
1	7	19	13	50	38	13.84388889	1019.98	311.13	391.61
1	7	19	13	51	38	13.86055556	1019.37	311.18	397.19
1	7	19	13	52	38	13.87722222	1018.7	311.6	394.21
1	7	19	13	53	38	13.89388889	1018.16	311.66	397.4
1	7	19	13	54	38	13.91055556	1017.55	311.84	394.94
1	7	19	13	55	38	13.92722222	1017	311.62	393.12
1	7	19	13	56	38	13.94388889	1016.99	311.49	392.59
1	7	19	13	57	38	13.96055556	1017.66	311.39	391.03
1	7	19	13	58	38	13.97722222	1018.66	311.31	391.01
1	7	19	13	59	38	13.99388889	1018.94	311.18	392.16
1	7	19	14	0	38	14.01055556	1018.97	310.92	391.1
1	7	19	14	1	38	14.02722222	1016.6	310.02	394.53
1	7	19	14	2	38	14.04388889	1016.48	310.21	395.32
1	7	19	14	3	38	14.06055556	1016.42	310.25	392.95
1	7	19	14	4	38	14.07722222	1016.25	310.22	396.97
1	7	19	14	5	38	14.09388889	1016.74	310.78	399.37
1	7	19	14	6	38	14.11055556	1017.78	311.51	397.63
1	7	19	14	7	38	14.12722222	1017.31	311.64	399.66
1	7	19	14	8	38	14.14388889	1015.48	311.08	395.34
1	7	19	14	9	38	14.16055556	1015.93	310.77	394.01
1	7	19	14	10	38	14.17722222	1017.07	310.67	395.22
1	7	19	14	11	38	14.19388889	1018.28	310.82	393.27
1	7	19	14	12	38	14.21055556	1019.97	310.9	390.31
1	7	19	14	13	38	14.22722222	1020.82	310.67	392.11
1	7	19	14	14	38	14.24388889	1019.17	310.16	396.65
1	7	19	14	15	38	14.26055556	1017.17	309.66	397.63
1	7	19	14	16	38	14.27722222	1011.29	308.17	403.1
1	7	19	14	17	38	14.29388889	1009.15	308		396.73
1	7	19	14	18	38	14.31055556	1009.19	307.91	393.08
1	7	19	14	19	38	14.32722222	1012.27	308.6	393.98
1	7	19	14	20	38	14.34388889	1016.6	309.83	398.04
1	7	19	14	21	38	14.36055556	1018.08	310.25	394.7
1	7	19	14	22	38	14.37722222	1017.68	309.86	395.23
1	7	19	14	23	38	14.39388889	1014.94	308.94	397.31
1	7	19	14	24	38	14.41055556	1016.15	309.21	397
1	7	19	14	25	38	14.42722222	1016.85	309.42	396.22
1	7	19	14	26	38	14.44388889	1016.8	309.22	393.73
1	7	19	14	27	38	14.46055556	1015.93	308.39	388.43
1	7	19	14	28	38	14.47722222	1016.34	308.05	391.43
1	7	19	14	29	38	14.49388889	1015.85	307.88	392.72
1	7	19	14	30	38	14.51055556	1015.75	308.03	390.91
1	7	19	14	31	38	14.52722222	1014.65	307.92	394.74
1	7	19	14	32	38	14.54388889	1013.61	307.69	392.07
1	7	19	14	33	38	14.56055556	1019.06	309.64	396.76
1	7	19	14	34	38	14.57722222	1021.49	310.54	389.65
1	7	19	14	35	38	14.59388889	1019.72	309.87	394.44
1	7	19	14	36	38	14.61055556	1014.2	308.3	392.69
1	7	19	14	37	38	14.62722222	1010.84	307.26	392.77
1	7	19	14	38	38	14.64388889	1009.75	307.32	397.37
1	7	19	14	39	38	14.66055556	1009.32	307.57	392.14
1	7	19	14	40	38	14.67722222	1008.58	307.63	396.82
1	7	19	14	41	38	14.69388889	1008.65	307.7	388.86
1	7	19	14	42	38	14.71055556	1008.43	307.21	389.85
1	7	19	14	43	38	14.72722222	1008.3	307.28	395.14
1	7	19	14	44	38	14.74388889	1006.58	307.3	395.8
1	7	19	14	45	38	14.76055556	1005.43	307.04	384.33
1	7	19	14	46	38	14.77722222	1004.19	306.23	384.94
1	7	19	14	47	38	14.79388889	1001.94	305.61	390.98
1	7	19	14	48	38	14.81055556	1000.13	305.52	393.69
1	7	19	14	49	38	14.82722222	999.24	305.74	395.7
1	7	19	14	50	38	14.84388889	997.71	305.34	387.27
1	7	19	14	51	38	14.86055556	996.09	304.45	386.53
1	7	19	14	52	38	14.87722222	994.75	303.94	389.03
1	7	19	14	53	38	14.89388889	992.49	303.53	393.82
1	7	19	14	54	38	14.91055556	990.88	303.46	388.74
1	7	19	14	55	38	14.92722222	989.5	303.23	390.92
1	7	19	14	56	38	14.94388889	986.36	302.6	393.06
1	7	19	14	57	38	14.96055556	984.52	302.61	396.39
1	7	19	14	58	38	14.97722222	982.76	302.5	394.76
1	7	19	14	59	38	14.99388889	980.75	302.13	396.93
1	7	19	15	0	38	15.01055556	978.35	301.51	395.58
1	7	19	15	1	38	15.02722222	977.5	301.24	392.75
1	7	19	15	2	38	15.04388889	975.26	300.23	391.85
1	7	19	15	3	38	15.06055556	974.25	299.99	393.96
1	7	19	15	4	38	15.07722222	973.94	299.77	389.03
1	7	19	15	5	38	15.09388889	969.78	298.52	393.21
1	7	19	15	6	38	15.11055556	957.26	294.89	392.27
1	7	19	15	7	38	15.12722222	959.56	295.91	394.54
1	7	19	15	8	38	15.14388889	963.38	297.54	397.11
1	7	19	15	9	38	15.16055556	965.06	298.13	389.53
1	7	19	15	10	38	15.17722222	963.9	297.3	389
1	7	19	15	11	38	15.19388889	962.42	296.76	390.77
1	7	19	15	12	38	15.21055556	962.05	296.74	391.85
1	7	19	15	13	38	15.22722222	960.97	296.79	390.91
1	7	19	15	14	38	15.24388889	958.53	296.25	392.36
1	7	19	15	15	38	15.26055556	953.32	294.98	395.06
1	7	19	15	16	38	15.27722222	953.91	295.61	399.11
1	7	19	15	17	38	15.29388889	953.62	295.92	393.84
1	7	19	15	18	38	15.31055556	950.94	294.89	389.84
1	7	19	15	19	38	15.32722222	949		294.14	392.49
1	7	19	15	20	38	15.34388889	946.76	293.42	388.89
1	7	19	15	21	38	15.36055556	944.66	292.91	391.56
1	7	19	15	22	38	15.37722222	942.68	292.63	397.02
1	7	19	15	23	38	15.39388889	940.5	292.46	395.99
1	7	19	15	24	38	15.41055556	938.02	291.97	395.35
1	7	19	15	25	38	15.42722222	936.02	291.13	389.77
1	7	19	15	26	38	15.44388889	934.43	290.47	392.4
1	7	19	15	27	38	15.46055556	933.27	290.06	393.21
1	7	19	15	28	38	15.47722222	931.07	289.6	396.58
1	7	19	15	29	38	15.49388889	928.73	289.38	395.02
1	7	19	15	30	38	15.51055556	926.49	288.72	394.02
1	7	19	15	31	38	15.52722222	923.68	287.96	394.73
1	7	19	15	32	38	15.54388889	922.97	287.97	394.22
1	7	19	15	33	38	15.56055556	921.59	287.78	394.34
1	7	19	15	34	38	15.57722222	918.77	286.85	394.08
1	7	19	15	35	38	15.59388889	918.22	286.62	396.47
1	7	19	15	36	38	15.61055556	916.6	286.28	392.45
1	7	19	15	37	38	15.62722222	914.44	285.68	393.69
1	7	19	15	38	38	15.64388889	912.31	285.04	393.05
1	7	19	15	39	38	15.66055556	910.53	284.64	391.68
1	7	19	15	40	38	15.67722222	908.6	284.22	393.01
1	7	19	15	41	38	15.69388889	905.88	283.75	398.76
1	7	19	15	42	37	15.71027778	903.35	283.36	392.77
1	7	19	15	43	38	15.72722222	900.92	282.54	391.46
1	7	19	15	44	38	15.74388889	898.95	281.86	388.84
1	7	19	15	45	37	15.76027778	897.34	281.39	394.1
1	7	19	15	46	37	15.77694444	895.53	280.87	388.06
1	7	19	15	47	37	15.79361111	894.07	280.3	393.41
1	7	19	15	48	37	15.81027778	891.88	279.75	390.51
1	7	19	15	49	37	15.82694444	888.87	278.97	395.12
1	7	19	15	50	37	15.84361111	884.96	278.2	394.97
1	7	19	15	51	37	15.86027778	882.97	277.88	393.56
1	7	19	15	52	37	15.87694444	882.94	277.75	388.63
1	7	19	15	53	37	15.89361111	879.94	276.66	389.44
1	7	19	15	54	37	15.91027778	878.62	276.38	390.98
1	7	19	15	55	37	15.92694444	876.13	275.94	393.03
1	7	19	15	56	37	15.94361111	874.07	275.33	388.02
1	7	19	15	57	37	15.96027778	870.91	274.33	393.14
1	7	19	15	58	37	15.97694444	869.49	274.22	391.85
1	7	19	15	59	37	15.99361111	867.74	273.67	388.38
1	7	19	16	0	37	16.01027778	865.31	272.74	390.46
1	7	19	16	1	37	16.02694444	861.99	271.84	390.66
1	7	19	16	2	37	16.04361111	858.51	270.79	390.62
1	7	19	16	3	37	16.06027778	855.64	270.03	391.81
1	7	19	16	4	37	16.07694444	852.65	269.14	388.64
1	7	19	16	5	37	16.09361111	849.77	268.39	393.15
1	7	19	16	6	37	16.11027778	847.04	267.93	393.58
1	7	19	16	7	37	16.12694444	844.89	267.6	392.17
1	7	19	16	8	37	16.14361111	843.72	267.74	394.6
1	7	19	16	9	37	16.16027778	842.02	267.39	390.31
1	7	19	16	10	37	16.17694444	840.53	266.81	389.61
1	7	19	16	11	37	16.19361111	840.47	266.81	394.88
1	7	19	16	12	37	16.21027778	839.75	266.75	386.69
1	7	19	16	13	37	16.22694444	837.93	265.99	386.35
1	7	19	16	14	37	16.24361111	835.06	265.12	385.75
1	7	19	16	15	37	16.26027778	832.76	264.51	387.22
1	7	19	16	16	37	16.27694444	829.89	263.86	388.95
1	7	19	16	17	37	16.29361111	826.9	263.3	391.1
1	7	19	16	18	37	16.31027778	824.94	263.11	386.89
1	7	19	16	19	37	16.32694444	822.39	262.38	386.75
1	7	19	16	20	37	16.34361111	818.85	261.39	387.01
1	7	19	16	21	37	16.36027778	816.08	260.6	385.77
1	7	19	16	22	37	16.37694444	812.79	259.79	388.69
1	7	19	16	23	37	16.39361111	808.63	258.95	388.05
1	7	19	16	24	37	16.41027778	805.28	258.32	391.78
1	7	19	16	25	37	16.42694444	802.06	257.87	389.45
1	7	19	16	26	37	16.44361111	798.42	257.02	392.71
1	7	19	16	27	37	16.46027778	795.76	256.56	389.62
1	7	19	16	28	37	16.47694444	792.96	255.48	387.33
1	7	19	16	29	37	16.49361111	789.53	254.37	390.25
1	7	19	16	30	37	16.51027778	786.93	253.83	392.53
1	7	19	16	31	37	16.52694444	784.74	253.38	390.8
1	7	19	16	32	37	16.54361111	783.69	253.1	392.05
1	7	19	16	33	37	16.56027778	782.18	252.73	388.83
1	7	19	16	34	37	16.57694444	778.82	251.57	387.51
1	7	19	16	35	37	16.59361111	774.74	250.13	383.98
1	7	19	16	36	37	16.61027778	770.48	248.84	388.96
1	7	19	16	37	37	16.62694444	767.12	248.18	389.1
1	7	19	16	38	37	16.64361111	764.35	247.48	384.35
1	7	19	16	39	37	16.66027778	762.29	246.91	389.22
1	7	19	16	40	37	16.67694444	759.87	246.52	387.44
1	7	19	16	41	37	16.69361111	756.7	245.86	384.73
1	7	19	16	42	37	16.71027778	752.87	244.85	385.24
1	7	19	16	43	37	16.72694444	749.56	244.04	386.63
1	7	19	16	44	37	16.74361111	746.56	243.29	385.4
1	7	19	16	45	37	16.76027778	743.66	242.52	383.42
1	7	19	16	46	37	16.77694444	740.99	241.85	385.24
1	7	19	16	47	37	16.79361111	738.1	241.29	388.69
1	7	19	16	48	37	16.81027778	734.38	240.55	387.5
1	7	19	16	49	37	16.82694444	732.16	239.87	384.27
1	7	19	16	50	37	16.84361111	728.44	238.56	383.26
1	7	19	16	51	37	16.86027778	724.84	237.48	389.1
1	7	19	16	52	37	16.87694444	720.8	236.63	388.28
1	7	19	16	53	37	16.89361111	718.11	236.08	386.99
1	7	19	16	54	37	16.91027778	717.22	236.04	385.16
1	7	19	16	55	37	16.92694444	716.73	235.92	387.01
1	7	19	16	56	37	16.94361111	714.84	235.39	387.5
1	7	19	16	57	37	16.96027778	711.54	234.35	384.65
1	7	19	16	58	37	16.97694444	705.61	232.21	382.96
1	7	19	16	59	37	16.99361111	701.93	230.89	387.12
1	7	19	17	0	37	17.01027778	698.7	230.01	384.65
1	7	19	17	1	37	17.02694444	696.31	229.34	384.72
1	7	19	17	2	37	17.04361111	693.94	228.42	385.85
1	7	19	17	3	37	17.06027778	691.58	227.86	385.33
1	7	19	17	4	37	17.07694444	689.41	227.34	388.15
1	7	19	17	5	37	17.09361111	687.21	226.92	388.54
1	7	19	17	6	37	17.11027778	683.62	225.75	385.13
1	7	19	17	7	37	17.12694444	681.11	225.05	388.05
1	7	19	17	8	37	17.14361111	677.89	224.08	382.61
1	7	19	17	9	37	17.16027778	674.53	222.77	382.12
1	7	19	17	10	37	17.17694444	670.76	221.78	387.89
1	7	19	17	11	37	17.19361111	667.17	221.2	388.96
1	7	19	17	12	37	17.21027778	664.45	220.79	388.7
1	7	19	17	13	37	17.22694444	662.12	220.08	385.85
1	7	19	17	14	37	17.24361111	659.16	218.96	384.15
1	7	19	17	15	37	17.26027778	654.66	217.31	387.71
1	7	19	17	16	37	17.27694444	650.91	216.07	387.71
1	7	19	17	17	37	17.29361111	648.22	215.26	388.93
1	7	19	17	18	37	17.31027778	646.1	214.68	386.98
1	7	19	17	19	37	17.32694444	643.38	213.65	385.65
1	7	19	17	20	37	17.34361111	641.34	212.84	382.24
1	7	19	17	21	37	17.36027778	639.38	211.93	383.97
1	7	19	17	22	37	17.37694444	635.83	210.78	385.11
1	7	19	17	23	37	17.39361111	631.75	209.59	385.02
1	7	19	17	24	37	17.41027778	628.31	208.68	385.51
1	7	19	17	25	37	17.42694444	625.64	208.03	387.48
1	7	19	17	26	37	17.44361111	624.01	207.7	384.18
1	7	19	17	27	37	17.46027778	621.06	206.82	382.76
1	7	19	17	28	37	17.47694444	617.38	205.55	384.15
1	7	19	17	29	37	17.49361111	614.19	204.74	385.51
1	7	19	17	30	37	17.51027778	611.18	203.91	383.62
1	7	19	17	31	37	17.52694444	607.76	202.9	387.41
1	7	19	17	32	37	17.54361111	603.66	201.87	383.89
1	7	19	17	33	37	17.56027778	600.21	200.75	382.96
1	7	19	17	34	37	17.57694444	597.17	199.74	383.17
1	7	19	17	35	37	17.59361111	593.6	198.73	383.34
1	7	19	17	36	37	17.61027778	590.35	197.82	384.7
1	7	19	17	37	37	17.62694444	587.01	196.9	385.22
1	7	19	17	38	37	17.64361111	584.73	196.19	384.76
1	7	19	17	39	37	17.66027778	582.68	195.63	386.63
1	7	19	17	40	37	17.67694444	579.91	194.95	388.64
1	7	19	17	41	37	17.69361111	576.74	194.04	388.48
1	7	19	17	42	37	17.71027778	574.11	193.19	384.81
1	7	19	17	43	37	17.72694444	571.17	192.19	385.77
1	7	19	17	44	37	17.74361111	567.72	190.98	383.71
1	7	19	17	45	37	17.76027778	563.26	189.43	381.55
1	7	19	17	46	37	17.77694444	558.93	187.91	382.87
1	7	19	17	47	37	17.79361111	555.16	186.73	383.22
1	7	19	17	48	37	17.81027778	551.2	185.63	385.16
1	7	19	17	49	37	17.82694444	548.17	184.75	381.92
1	7	19	17	50	37	17.84361111	545.49	183.76	378.91
1	7	19	17	51	37	17.86027778	542.11	182.52	380.67
1	7	19	17	52	37	17.87694444	538.72	181.5	382.32
1	7	19	17	53	37	17.89361111	535.5	180.6	382.93
1	7	19	17	54	37	17.91027778	532.73	179.84	385.94
1	7	19	17	55	37	17.92694444	529.92	179.15	384.69
1	7	19	17	56	37	17.94361111	526.93	178.26	383.11
1	7	19	17	57	37	17.96027778	524		177.25	380.34
1	7	19	17	58	37	17.97694444	521.34	176.08	380.1
1	7	19	17	59	36	17.99333333	518.07	174.99	381.29
1	7	19	18	0	37	18.01027778	514.99	174.09	381.19
1	7	19	18	1	36	18.02666667	512.42	173.26	382.07
1	7	19	18	2	36	18.04333333	509.42	172.29	379.75
1	7	19	18	3	36	18.06		506.26	171.23	381.23
1	7	19	18	4	36	18.07666667	502.56	170.03	380.13
1	7	19	18	5	36	18.09333333	498.92	168.87	381.48
1	7	19	18	6	36	18.11		495.27	167.69	380.24
1	7	19	18	7	36	18.12666667	492.65	166.83	382.71
1	7	19	18	8	36	18.14333333	489.8	166.03	380.18
1	7	19	18	9	36	18.16		486.24	164.87	381.87
1	7	19	18	10	36	18.17666667	482.62	163.68	380.74
1	7	19	18	11	36	18.19333333	479.27	162.56	382.81
1	7	19	18	12	36	18.21		476.37	161.72	383.34
1	7	19	18	13	36	18.22666667	473.99	160.85	379.78
1	7	19	18	14	36	18.24333333	471.19	159.66	380.24
1	7	19	18	15	36	18.26		468.28	158.51	379.86
1	7	19	18	16	36	18.27666667	465.19	157.32	380.56
1	7	19	18	17	36	18.29333333	462.04	156.23	381.15
1	7	19	18	18	36	18.31		458.77	155.08	379.84
1	7	19	18	19	36	18.32666667	454.79	153.68	381.09
1	7	19	18	20	36	18.34333333	450.89	152.44	382.15
1	7	19	18	21	36	18.36		447.76	151.52	383.83
1	7	19	18	22	36	18.37666667	445.2	150.86	385.11
1	7	19	18	23	36	18.39333333	442.07	149.92	384.61
1	7	19	18	24	36	18.41		439.7	149.14	383.19
1	7	19	18	25	36	18.42666667	436.81	148.13	381.77
1	7	19	18	26	36	18.44333333	433.86	147.02	378.91
1	7	19	18	27	36	18.46		430.75	145.76	379
1	7	19	18	28	36	18.47666667	426.95	144.41	380.85
1	7	19	18	29	36	18.49333333	423.86	143.41	379.5
1	7	19	18	30	36	18.51		420.99	142.48	379.11
1	7	19	18	31	36	18.52666667	417.85	141.43	382.82
1	7	19	18	32	36	18.54333333	414.81	140.68	383.49
1	7	19	18	33	36	18.56		411.83	139.85	381.11
1	7	19	18	34	36	18.57666667	409.34	138.86	379.96
1	7	19	18	35	36	18.59333333	405.95	137.66	381.12
1	7	19	18	36	36	18.61		402.81	136.6	380.42
1	7	19	18	37	36	18.62666667	399.6	135.48	380.48
1	7	19	18	38	36	18.64333333	396.26	134.33	379.01
1	7	19	18	39	36	18.66		393.07	133.24	379.38
1	7	19	18	40	36	18.67666667	389.62	132.18	380.59
1	7	19	18	41	36	18.69333333	386.26	131.2	380.38
1	7	19	18	42	36	18.71		382.89	130.24	380.96
1	7	19	18	43	36	18.72666667	379.42	129.23	382.55
1	7	19	18	44	36	18.74333333	376.12	128.36	383.05
1	7	19	18	45	36	18.76		372.58	127.43	383.13
1	7	19	18	46	36	18.77666667	369.1	126.42	381.22
1	7	19	18	47	36	18.79333333	365.58	125.28	380.67
1	7	19	18	48	36	18.81		362.11	124.14	380.79
1	7	19	18	49	36	18.82666667	358.9	123.16	380.88
1	7	19	18	50	36	18.84333333	355.5	122.13	380.38
1	7	19	18	51	36	18.86		352.56	121.25	381.09
1	7	19	18	52	36	18.87666667	349.51	120.49	382.65
1	7	19	18	53	36	18.89333333	345.97	119.59	382.68
1	7	19	18	54	36	18.91		342		118.44	380.47
1	7	19	18	55	36	18.92666667	338.12	117.2	378.4
1	7	19	18	56	36	18.94333333	334.08	115.98	378.51
1	7	19	18	57	36	18.96		330.17	114.9	379.05
1	7	19	18	58	36	18.97666667	326.18	113.84	378.89
1	7	19	18	59	36	18.99333333	322.42	112.86	378.86
1	7	19	19	0	36	19.01		318.53	111.83	379.86
1	7	19	19	1	36	19.02666667	314.86	110.94	378.69
1	7	19	19	2	36	19.04333333	311.28	109.96	379.03
1	7	19	19	3	36	19.06		307.61	108.99	378.95
1	7	19	19	4	36	19.07666667	303.53	107.82	379.38
1	7	19	19	5	36	19.09333333	299.51	106.64	378.56
1	7	19	19	6	36	19.11		295.83	105.5	377.73
1	7	19	19	7	36	19.12666667	292.34	104.33	377.67
1	7	19	19	8	36	19.14333333	288.76	103.26	377.52
1	7	19	19	9	36	19.16		285.06	102.17	378.79
1	7	19	19	10	36	19.17666667	281.56	101.16	377.62
1	7	19	19	11	36	19.19333333	278.07	100.15	378.33
1	7	19	19	12	36	19.21		274.62	99.14	377.78
1	7	19	19	13	36	19.22666667	271.38	98.24	377.85
1	7	19	19	14	36	19.24333333	268.01	97.2	377.1
1	7	19	19	15	36	19.26		264.46	96.11	379.24
1	7	19	19	16	36	19.27666667	260.82	95.11	380.04
1	7	19	19	17	36	19.29333333	257.44	94.17	378.3
1	7	19	19	18	36	19.31		254.17	93.22	378.24
1	7	19	19	19	36	19.32666667	250.96	92.31	377.88
1	7	19	19	20	36	19.34333333	247.71	91.34	377.65
1	7	19	19	21	36	19.36		244.28	90.31	376.14
1	7	19	19	22	36	19.37666667	240.7	89.16	375.87
1	7	19	19	23	36	19.39333333	237.12	88.07	375.59
1	7	19	19	24	36	19.41		233.3	86.93	376.23
1	7	19	19	25	36	19.42666667	229.32	85.86	376.8
1	7	19	19	26	36	19.44333333	225.12	84.72	377.03
1	7	19	19	27	36	19.46		221		83.55	376.52
1	7	19	19	28	36	19.47666667	216.96	82.35	376.69
1	7	19	19	29	36	19.49333333	213.55	81.34	375.81
1	7	19	19	30	36	19.51		210.18	80.29	375.91
1	7	19	19	31	36	19.52666667	206.98	79.24	375.29
1	7	19	19	32	36	19.54333333	203.85	78.25	376
1	7	19	19	33	36	19.56		200.56	77.28	375.85
1	7	19	19	34	36	19.57666667	197.23	76.24	376.1
1	7	19	19	35	36	19.59333333	193.97	75.26	376.25
1	7	19	19	36	36	19.61		190.63	74.25	375.9
1	7	19	19	37	36	19.62666667	187.37	73.32	375.74
1	7	19	19	38	36	19.64333333	183.92	72.39	375.77
1	7	19	19	39	36	19.66		180.03	71.31	375.91
1	7	19	19	40	36	19.67666667	176.18	70.27	375.45
1	7	19	19	41	36	19.69333333	172.6	69.29	374.9
1	7	19	19	42	36	19.71		169.06	68.32	375.04
1	7	19	19	43	36	19.72666667	165.82	67.38	374.9
1	7	19	19	44	36	19.74333333	162.43	66.29	374.92
1	7	19	19	45	36	19.76		159.03	65.22	374.98
1	7	19	19	46	36	19.77666667	155.74	64.19	374.67
1	7	19	19	47	36	19.79333333	152.62	63.16	375.18
1	7	19	19	48	36	19.81		149.34	62.05	375.06
1	7	19	19	49	36	19.82666667	146.53	61		374.43
1	7	19	19	50	36	19.84333333	143.37	59.77	374.09
1	7	19	19	51	36	19.86		131.82	54.56	373.79
1	7	19	19	52	36	19.87666667	120.72	49.63	372.98
1	7	19	19	53	36	19.89333333	125.93	52.31	373.16
1	7	19	19	54	36	19.91		127.61	53.21	373.25
1	7	19	19	55	36	19.92666667	129.8	54.33	373.34
1	7	19	19	56	36	19.94333333	127.71	53.43	372.95
1	7	19	19	57	36	19.96		125.47	52.49	372.75
1	7	19	19	58	36	19.97666667	123.26	51.56	372.75
1	7	19	19	59	36	19.99333333	120.8	50.56	372.47
1	7	19	20	0	36	20.01		118.03	49.48	372.4
1	7	19	20	1	36	20.02666667	115.35	48.45	371.48
1	7	19	20	2	36	20.04333333	93.49	38.48	370.64
1	7	19	20	3	36	20.06		43.35	15.58	366.76
1	7	19	20	4	36	20.07666667	28.43	9.25	364.54
1	7	19	20	5	36	20.09333333	27.86	9.26	364.39
1	7	19	20	6	36	20.11		27.45	9.26	364.13
1	7	19	20	7	36	20.12666667	27.27	9.34	363.7
1	7	19	20	8	36	20.14333333	40.88	16.14	364.5
1	7	19	20	9	36	20.16		77.03	33.27	367.23
1	7	19	20	10	36	20.17666667	77.26	33.31	367.51
1	7	19	20	11	36	20.19333333	81.11	35.26	367.03
1	7	19	20	12	36	20.21		85.19	37.13	367
1	7	19	20	13	36	20.22666667	83.06	36.18	366.6
1	7	19	20	14	36	20.24333333	80.68	35.14	366.39
1	7	19	20	15	36	20.26		78.17	34.13	366.47
1	7	19	20	16	36	20.27666667	75.82	33.24	366.54
1	7	19	20	17	36	20.29333333	73.28	32.31	366.39
1	7	19	20	18	35	20.30972222	70.75	31.39	366.1
1	7	19	20	19	35	20.32638889	64.93	28.77	365.67
1	7	19	20	20	36	20.34333333	45.28	19.38	364.68
1	7	19	20	21	35	20.35972222	44.67	19.62	365.14
1	7	19	20	22	35	20.37638889	59.21	27.21	365.9
1	7	19	20	23	35	20.39305556	59.74	27.68	365.87
1	7	19	20	24	35	20.40972222	57.51	26.78	365.44
1	7	19	20	25	35	20.42638889	55.23	25.86	364.57
1	7	19	20	26	35	20.44305556	52.92	24.88	364.34
1	7	19	20	27	35	20.45972222	50.77	24.01	364.74
1	7	19	20	28	35	20.47638889	48.62	23.19	364.79
1	7	19	20	29	35	20.49305556	46.59	22.42	364.43
1	7	19	20	30	35	20.50972222	44.45	21.62	363.72
1	7	19	20	31	35	20.52638889	41.69	20.46	362.68
1	7	19	20	32	35	20.54305556	39.04	19.34	362.22
1	7	19	20	33	35	20.55972222	36.6	18.32	361.44
1	7	19	20	34	35	20.57638889	34.48	17.46	361.45
1	7	19	20	35	35	20.59305556	32.33	16.58	361.61
1	7	19	20	36	35	20.60972222	29.08	14.97	360.26
1	7	19	20	37	35	20.62638889	22.28	11.18	359.15
1	7	19	20	38	35	20.64305556	16.38	7.89	360.09
1	7	19	20	39	35	20.65972222	13.28	6.28	359.71
1	7	19	20	40	35	20.67638889	11.75	5.69	359.5
1	7	19	20	41	35	20.69305556	11.09	5.55	358.57
1	7	19	20	42	35	20.70972222	10.48	5.44	359.04
1	7	19	20	43	35	20.72638889	10.54	5.75	357.85
1	7	19	20	44	35	20.74305556	12.5	7.37	358.35
1	7	19	20	45	35	20.75972222	14.05	8.69	358.67
1	7	19	20	46	35	20.77638889	13.06	8.29	358.26
1	7	19	20	47	35	20.79305556	10.26	6.55	357.48
1	7	19	20	48	35	20.80972222	8.21	5.24	357.42
1	7	19	20	49	35	20.82638889	6.91	4.52	357.37
1	7	19	20	50	35	20.84305556	6.45	4.43	356.66
1	7	19	20	51	35	20.85972222	5.77	4.22	355.51
1	7	19	20	52	35	20.87638889	4.99	3.88	355.2
1	7	19	20	53	35	20.89305556	4.25	3.64	354.82
1	7	19	20	54	35	20.90972222	3.64	3.45	354.39
1	7	19	20	55	35	20.92638889	3.1		3.25	353.86
1	7	19	20	56	35	20.94305556	2.6		3.09	353.37
1	7	19	20	57	35	20.95972222	2.08	2.9		352.97
1	7	19	20	58	35	20.97638889	1.6		2.77	352.97
1	7	19	20	59	35	20.99305556	1.26	2.71	353.25
1	7	19	21	0	35	21.00972222	1.09	2.82	354.03
1	7	19	21	1	35	21.02638889	0.97	2.89	353.31
1	7	19	21	2	35	21.04305556	0.66	2.88	352.94
1	7	19	21	3	35	21.05972222	0.34	2.76	352.53
1	7	19	21	4	35	21.07638889	-0.01	2.64	351.49
1	7	19	21	5	35	21.09305556	-0.42	2.44	350.42
1	7	19	21	6	35	21.10972222	-0.8	2.27	349.3
1	7	19	21	7	35	21.12638889	-1.23	2.06	348.89
1	7	19	21	8	35	21.14305556	-1.55	1.89	348.66
1	7	19	21	9	35	21.15972222	-1.76	1.82	348.28
1	7	19	21	10	35	21.17638889	-1.96	1.77	347.67
1	7	19	21	11	35	21.19305556	-2.09	1.73	348.85
1	7	19	21	12	35	21.20972222	-2.06	1.81	349.36
1	7	19	21	13	35	21.22638889	-1.99	1.92	349.12
1	7	19	21	14	35	21.24305556	-1.94	2.03	349.26
1	7	19	21	15	35	21.25972222	-1.84	2.15	349.66
1	7	19	21	16	35	21.27638889	-1.83	2.2		348.78
1	7	19	21	17	35	21.29305556	-1.91	2.19	348.2
1	7	19	21	18	35	21.30972222	-1.94	2.19	349.32
1	7	19	21	19	35	21.32638889	-1.8	2.35	349.7
1	7	19	21	20	35	21.34305556	-1.7	2.47	349.27
1	7	19	21	21	35	21.35972222	-1.72	2.48	348.66
1	7	19	21	22	35	21.37638889	-1.88	2.39	348.4
1	7	19	21	23	35	21.39305556	-2		2.34	348.36
1	7	19	21	24	35	21.40972222	-2.07	2.31	348.25
1	7	19	21	25	35	21.42638889	-2.13	2.28	347.56
1	7	19	21	26	35	21.44305556	-2.12	2.3		347.04
1	7	19	21	27	35	21.45972222	-2.11	2.3		346.05
1	7	19	21	28	35	21.47638889	-2.2	2.18	345.57
1	7	19	21	29	35	21.49305556	-2.24	2.1		344.73
1	7	19	21	30	35	21.50972222	-2.33	2.01	344.46
1	7	19	21	31	35	21.52638889	-2.31	1.98	345.28
1	7	19	21	32	35	21.54305556	-2.17	2.07	345.93
1	7	19	21	33	35	21.55972222	-2		2.19	346.29
1	7	19	21	34	35	21.57638889	-1.85	2.3		346.6
1	7	19	21	35	35	21.59305556	-1.75	2.38	346.26
1	7	19	21	36	35	21.60972222	-1.73	2.41	345.9
1	7	19	21	37	35	21.62638889	-1.72	2.41	344.98
1	7	19	21	38	35	21.64305556	-1.88	2.3		343.79
1	7	19	21	39	35	21.65972222	-2.08	2.12	343.16
1	7	19	21	40	35	21.67638889	-2.29	1.96	342.84
1	7	19	21	41	35	21.69305556	-2.35	1.89	343.95
1	7	19	21	42	35	21.70972222	-2.25	2.02	345.91
1	7	19	21	43	35	21.72638889	-1.88	2.31	347.71
1	7	19	21	44	35	21.74305556	-1.43	2.71	349
1	7	19	21	45	35	21.75972222	-1.08	3		349.12
1	7	19	21	46	35	21.77638889	-0.89	3.17	348.69
1	7	19	21	47	35	21.79305556	-0.91	3.15	347.36
1	7	19	21	48	35	21.80972222	-1.08	3.01	346.4
1	7	19	21	49	35	21.82638889	-1.3	2.82	346.26
1	7	19	21	50	35	21.84305556	-1.33	2.79	346.98
1	7	19	21	51	35	21.85972222	-1.26	2.8		347.65
1	7	19	21	52	35	21.87638889	-1.2	2.83	346.72
1	7	19	21	53	35	21.89305556	-1.29	2.76	346.6
1	7	19	21	54	35	21.90972222	-1.33	2.69	346.78
1	7	19	21	55	35	21.92638889	-1.42	2.61	346.22
1	7	19	21	56	35	21.94305556	-1.61	2.47	345.1
1	7	19	21	57	35	21.95972222	-1.84	2.28	344.21
1	7	19	21	58	35	21.97638889	-2.02	2.13	344.43
1	7	19	21	59	35	21.99305556	-2.04	2.11	344.92
1	7	19	22	0	35	22.00972222	-1.97	2.16	344.86
1	7	19	22	1	35	22.02638889	-1.91	2.21	345.19
1	7	19	22	2	35	22.04305556	-1.73	2.36	345.24
1	7	19	22	3	35	22.05972222	-1.63	2.4		345.33
1	7	19	22	4	35	22.07638889	-1.59	2.41	344.64
1	7	19	22	5	35	22.09305556	-1.62	2.41	344.86
1	7	19	22	6	35	22.10972222	-1.55	2.43	345.42
1	7	19	22	7	35	22.12638889	-1.46	2.49	345.16
1	7	19	22	8	35	22.14305556	-1.49	2.44	344.25
1	7	19	22	9	35	22.15972222	-1.61	2.35	344.08
1	7	19	22	10	35	22.17638889	-1.61	2.35	344.96
1	7	19	22	11	35	22.19305556	-1.49	2.43	345.1
1	7	19	22	12	35	22.20972222	-1.43	2.48	344.61
1	7	19	22	13	35	22.22638889	-1.42	2.48	344.81
1	7	19	22	14	35	22.24305556	-1.4	2.48	344.47
1	7	19	22	15	35	22.25972222	-1.36	2.51	345.15
1	7	19	22	16	35	22.27638889	-1.31	2.55	344.87
1	7	19	22	17	35	22.29305556	-1.26	2.58	344.93
1	7	19	22	18	35	22.30972222	-1.26	2.58	344.66
1	7	19	22	19	35	22.32638889	-1.33	2.52	344.17
1	7	19	22	20	35	22.34305556	-1.38	2.45	343.97
1	7	19	22	21	35	22.35972222	-1.43	2.41	343.79
1	7	19	22	22	35	22.37638889	-1.48	2.39	343.51
1	7	19	22	23	35	22.39305556	-1.46	2.38	343.69
1	7	19	22	24	35	22.40972222	-1.43	2.41	343.6
1	7	19	22	25	35	22.42638889	-1.4	2.45	343.68
1	7	19	22	26	35	22.44305556	-1.35	2.44	343.16
1	7	19	22	27	35	22.45972222	-1.34	2.45	343.37
1	7	19	22	28	35	22.47638889	-1.33	2.49	343.37
1	7	19	22	29	35	22.49305556	-1.3	2.51	343.31
1	7	19	22	30	35	22.50972222	-1.28	2.5		343.37
1	7	19	22	31	35	22.52638889	-1.3	2.53	343.62
1	7	19	22	32	34	22.54277778	-1.26	2.52	342.99
1	7	19	22	33	35	22.55972222	-1.29	2.51	343.02
1	7	19	22	34	35	22.57638889	-1.33	2.47	342.64
1	7	19	22	35	34	22.59277778	-1.36	2.46	342.69
1	7	19	22	36	34	22.60944444	-1.36	2.44	343.33
1	7	19	22	37	34	22.62611111	-1.3	2.48	343.01
1	7	19	22	38	34	22.64277778	-1.29	2.5		343.05
1	7	19	22	39	34	22.65944444	-1.31	2.48	342.96
1	7	19	22	40	34	22.67611111	-1.32	2.47	342.81
1	7	19	22	41	34	22.69277778	-1.36	2.42	341.83
1	7	19	22	42	34	22.70944444	-1.43	2.36	342
1	7	19	22	43	34	22.72611111	-1.41	2.36	342.27
1	7	19	22	44	34	22.74277778	-1.37	2.4		341.95
1	7	19	22	45	34	22.75944444	-1.37	2.4		341.6
1	7	19	22	46	34	22.77611111	-1.4	2.36	341.4
1	7	19	22	47	34	22.79277778	-1.42	2.33	341.37
1	7	19	22	48	34	22.80944444	-1.43	2.31	341.45
1	7	19	22	49	34	22.82611111	-1.43	2.32	341.04
1	7	19	22	50	34	22.84277778	-1.45	2.33	341.2
1	7	19	22	51	34	22.85944444	-1.37	2.39	340.88
1	7	19	22	52	34	22.87611111	-1.4	2.35	339.89
1	7	19	22	53	34	22.89277778	-1.54	2.25	338.83
1	7	19	22	54	34	22.90944444	-1.67	2.15	338.93
1	7	19	22	55	34	22.92611111	-1.68	2.11	339.23
1	7	19	22	56	34	22.94277778	-1.63	2.17	339
1	7	19	22	57	34	22.95944444	-1.6	2.2		339.2
1	7	19	22	58	34	22.97611111	-1.53	2.25	338.35
1	7	19	22	59	34	22.99277778	-1.6	2.2		336.22
1	7	19	23	0	34	23.00944444	-1.75	2.12	336.51
1	7	19	23	1	34	23.02611111	-1.84	2.03	335.52
1	7	19	23	2	34	23.04277778	-1.98	1.95	333.47
1	7	19	23	3	34	23.05944444	-2.19	1.78	332.35
1	7	19	23	4	34	23.07611111	-2.42	1.61	332.61
1	7	19	23	5	34	23.09277778	-2.45	1.54	333.13
1	7	19	23	6	34	23.10944444	-2.42	1.59	333.55
1	7	19	23	7	34	23.12611111	-2.26	1.73	333.53
1	7	19	23	8	34	23.14277778	-2.11	1.87	332.87
1	7	19	23	9	34	23.15944444	-2.07	1.92	331.56
1	7	19	23	10	34	23.17611111	-2.13	1.86	330.9
1	7	19	23	11	34	23.19277778	-2.25	1.76	330.63
1	7	19	23	12	34	23.20944444	-2.27	1.73	330.73
1	7	19	23	13	34	23.22611111	-2.23	1.77	330.9
1	7	19	23	14	34	23.24277778	-2.17	1.81	331.07
1	7	19	23	15	34	23.25944444	-2.07	1.9		331.28
1	7	19	23	16	34	23.27611111	-1.97	2.01	330.49
1	7	19	23	17	34	23.29277778	-1.9	2.06	330.29
1	7	19	23	18	34	23.30944444	-1.84	2.08	330.47
1	7	19	23	19	34	23.32611111	-1.78	2.11	330.55
1	7	19	23	20	34	23.34277778	-1.75	2.14	331.02
1	7	19	23	21	34	23.35944444	-1.62	2.26	331.48
1	7	19	23	22	34	23.37611111	-1.46	2.38	332.22
1	7	19	23	23	34	23.39277778	-1.29	2.49	331.8
1	7	19	23	24	34	23.40944444	-1.24	2.53	331.24
1	7	19	23	25	34	23.42611111	-1.28	2.49	330.89
1	7	19	23	26	34	23.44277778	-1.33	2.42	330.11
1	7	19	23	27	34	23.45944444	-1.36	2.41	330.34
1	7	19	23	28	34	23.47611111	-1.33	2.4		330.09
1	7	19	23	29	34	23.49277778	-1.32	2.4		329.97
1	7	19	23	30	34	23.50944444	-1.25	2.41	330.31
1	7	19	23	31	34	23.52611111	-1.15	2.49	330.7
1	7	19	23	32	34	23.54277778	-1.04	2.55	331.19
1	7	19	23	33	34	23.55944444	-0.93	2.64	331.51
1	7	19	23	34	34	23.57611111	-0.82	2.72	331.83
1	7	19	23	35	34	23.59277778	-0.75	2.82	331.83
1	7	19	23	36	34	23.60944444	-0.71	2.79	332.74
1	7	19	23	37	34	23.62611111	-0.56	2.9		333.29
1	7	19	23	38	34	23.64277778	-0.38	2.97	333.18
1	7	19	23	39	34	23.65944444	-0.32	3.01	333.3
1	7	19	23	40	34	23.67611111	-0.35	2.96	331.85
1	7	19	23	41	34	23.69277778	-0.5	2.84	331.76
1	7	19	23	42	34	23.70944444	-0.6	2.74	332.34
1	7	19	23	43	34	23.72611111	-0.58	2.76	332.92
1	7	19	23	44	34	23.74277778	-0.56	2.77	332.35
1	7	19	23	45	34	23.75944444	-0.56	2.76	332.03
1	7	19	23	46	34	23.77611111	-0.64	2.69	331.87
1	7	19	23	47	34	23.79277778	-0.72	2.64	332.16
1	7	19	23	48	34	23.80944444	-0.72	2.64	332.61
1	7	19	23	49	34	23.82611111	-0.65	2.69	332.43
1	7	19	23	50	34	23.84277778	-0.66	2.66	332.39
1	7	19	23	51	34	23.85944444	-0.67	2.68	332.17
1	7	19	23	52	34	23.87611111	-0.69	2.62	331.9
1	7	19	23	53	34	23.89277778	-0.71	2.6		332.16
1	7	19	23	54	34	23.90944444	-0.72	2.64	332.61
1	7	19	23	55	34	23.92611111	-0.64	2.68	333.49
1	7	19	23	56	34	23.94277778	-0.5	2.79	334.51
1	7	19	23	57	34	23.95944444	-0.34	2.86	334.37
1	7	19	23	58	34	23.97611111	-0.24	2.93	334.72
1	7	19	23	59	34	23.99277778	-0.17	2.96	334.4